-4.222877696560 1.497814990265 2.633613595422
-4.112330435928 1.464516129434 2.532350579088
-4.008143671914 1.434961716434 2.431856410120
-3.912213556787 1.410914298293 2.331056876596
-3.827221514517 1.394827353055 2.228514369514
-3.756628384955 1.389970984151 2.122165684529
-3.704310287910 1.400310735157 2.009088541219
-3.673487612121 1.429813973952 1.885497029144
-3.664755052313 1.480886827545 1.747314269389
-3.673848703102 1.552236675676 1.591560697145
-3.691062335868 1.637640455035 1.418072785521
-3.704097224139 1.727468143632 1.230145422906
-3.703132863746 1.812652968188 1.033109433080
-3.684185854458 1.888047001189 0.831846346161
-3.648580845762 1.952749122166 0.629241654279
-3.600080627041 2.008033467635 0.426327533067
-3.542158151330 2.054843810215 0.223420899620
-3.476457860296 2.092015236313 0.021375918708
-3.402316820148 2.115467199817 -0.177508561684
-3.317027305182 2.118413199347 -0.369148978308
-3.216708282915 2.092690933486 -0.548098005896
-3.097652596915 2.031047327564 -0.708777606290
-2.957735678360 1.929562426731 -0.847170728919
-2.797232359338 1.788983969740 -0.962237851809
-2.618545744290 1.614239096211 -1.056427349077
-2.424784676341 1.412553965580 -1.135195095680
-2.217363162348 1.191455374061 -1.205766816349
-1.992878245873 0.957889347935 -1.274961216683
-1.740557859924 0.718921528316 -1.345356254813
-1.444287864630 0.482998547070 -1.410587171062
-1.093063301151 0.259115781664 -1.455110996147
-0.692877887438 0.052846965381 -1.463460897239
-0.264842736302 -0.136516444447 -1.431374597777
0.168879145124 -0.313975323693 -1.366322504330
0.594724970692 -0.484923454427 -1.279904833066
1.007637839584 -0.653140515449 -1.181922579815
1.407170218704 -0.820752707935 -1.078882535407
1.794341389825 -0.988840252689 -0.974749679311
2.169994950102 -1.157975437082 -0.872074234896
2.534045971245 -1.328562427926 -0.772892877518
2.885022039935 -1.501041758502 -0.679414100556
