-3.170385563721 1.284880566414 1.305571562460
-3.330361250454 1.363167270319 1.359379554118
-3.488932812937 1.438490527640 1.420976434858
-3.645878541689 1.510045860653 1.491616124785
-3.800892518280 1.576842464868 1.572893475886
-3.953601490179 1.637770377770 1.666438126651
-4.103650423668 1.691895330167 1.773076236169
-4.250896589907 1.739100877859 1.891294603254
-4.395691840064 1.780974227757 2.015471028716
-4.539061048448 1.821255472311 2.135607825304
-4.682464636557 1.864833889291 2.240570900023
-4.827140911722 1.915404797992 2.323670868270
-4.973578206282 1.973723947268 2.385738135472
-5.121565726893 2.037904474558 2.433210233781
-5.270570259543 2.104859676828 2.474209481315
-5.419901771602 2.171282629229 2.516230081144
-5.568362847583 2.233610505124 2.566099968362
-5.713313094297 2.287342818159 2.630997039487
-5.849412772425 2.326579480840 2.718787315424
-5.968291034749 2.345223132641 2.835679968509
-6.061459489761 2.340931546252 2.980640070119
-6.126485446865 2.319258970488 3.141485187795
-6.170257333758 2.292045072774 3.300071968078
-6.204388747723 2.270215365034 3.443102729515
-6.238229736251 2.258940977008 3.566900089136
-6.276317902738 2.258433034295 3.674279101535
-6.319681320133 2.266792900417 3.769967862221
-6.367760570757 2.281903336189 3.858245591941
-6.419429462746 2.301848820068 3.942700941042
-6.472542521167 2.323718873172 4.027564801596
-6.520660348354 2.339582701731 4.120745901560
-6.546551088964 2.330188266220 4.236331805695
-6.525257480285 2.271279907241 4.385085129833
-6.454995929102 2.167286584154 4.552397772370
-6.367941567300 2.055652800774 4.708878115474
-6.291140107165 1.962522232925 4.842795850785
-6.231026944051 1.891159568209 4.958480123163
-6.185659521681 1.837428393595 5.062498990623
-6.153612033795 1.798963077944 5.158839701508
-6.137135838489 1.777970501650 5.248815636341
-6.144596586481 1.783571767500 5.331370922249
