10.881490 -1.421820 0.531390
10.737870 -1.096290 0.378200
10.546380 -0.684580 0.292020
10.421910 -0.435640 0.138830
10.307010 -0.435640 0.014360
10.450630 -0.493090 0.081380
10.709150 -0.607980 0.167550
10.881490 -0.598410 0.588840
10.891060 -0.397340 0.904800
11.101700 -0.311170 0.770750
11.618730 -0.828200 0.722880
11.427240 -1.010120 1.000540
11.791070 -0.445220 1.632460
12.288950 -0.215430 2.388850
12.719800 -0.483520 3.470780
13.705980 -1.804800 4.811220
15.056000 -2.408000 6.802730
16.090050 -2.245230 8.564440
16.434730 -3.231410 9.722970
17.114530 -5.108030 10.000630
16.903890 -6.505910 9.732540
16.520900 -7.425070 11.168730
16.291120 -6.324000 13.131510
16.482600 -4.926110 15.180470
17.478360 -6.103780 15.994300
17.430490 -8.688910 14.452800
16.396440 -10.383610 12.030440
14.749610 -11.207020 10.747440
13.552790 -9.885730 10.910210
13.303850 -8.056990 10.469780
12.700650 -6.094210 7.281450
11.666600 -5.060160 4.217590
10.584680 -4.208020 2.704810
8.200610 -3.336730 1.862250
6.486770 -2.130340 0.196280
4.973980 -1.163310 -0.148410
0.971820 1.144160 -1.948420
-1.450550 0.493090 -1.862250
-3.059070 -0.435640 -2.149490
-3.537800 -0.885650 -2.714390
-3.796310 -0.387770 -2.992050
-4.715470 0.473940 -3.202690
-5.625050 0.780330 -3.556950
-5.778250 0.684580 -3.499500
-5.002710 0.493090 -3.068650
-3.949510 0.244150 -2.819710
-3.604820 0.272870 -2.714390
-3.604820 0.789900 -3.126090
-3.643120 1.460120 -4.514410
-4.006950 1.843100 -5.270800
-4.849520 1.632460 -5.414410
-4.849520 1.536720 -5.423990
-4.370790 2.484600 -6.620810
-4.437810 4.284620 -9.244240
-4.964410 6.917620 -13.303850
-5.289940 9.541050 -13.878330
-1.038840 6.467620 -8.583590
14.605990 1.105860 -4.811220
19.594340 1.728210 -4.112270
19.517740 5.806970 9.368710
18.962420 0.138830 19.594340
14.883650 -0.339900 19.517740
15.257060 5.950590 19.594340
6.486770 -0.397340 19.192210
4.131420 -11.570860 16.195370
10.345310 -6.572940 13.581510
3.710140 7.855930 13.801730
2.513320 7.980400 13.763430
4.389940 3.566520 11.312340
3.671840 3.375030 10.460210
2.628220 3.049500 10.144250
3.949510 0.445220 9.943180
5.471860 -0.971820 9.665520
4.533550 0.282450 10.354890
3.882480 1.498420 11.274040
4.523980 1.019690 10.929360
5.155900 -0.272870 9.742120
4.677170 0.215430 8.669760
3.930360 0.799480 8.392100
4.035680 -0.330320 7.942100
4.351640 -0.856920 8.037840
4.093120 0.694160 8.612320
3.662270 2.226090 9.205940
3.710140 1.728210 9.071900
4.217590 0.148410 8.650620
4.370790 0.043090 8.602740
3.901630 1.393100 8.909130
3.576100 1.632460 9.100620
3.652690 0.732450 8.698490
3.834610 0.043090 8.372950
3.844190 -0.138830 8.258060
3.872910 0.579260 8.526150
3.585670 1.795230 9.138920
3.614400 1.718630 9.215510
