10.498510 -1.172880 0.981390
10.498510 -1.163310 0.914370
10.575100 -1.239910 0.818620
10.651700 -1.297350 0.713300
10.661270 -1.460120 0.789900
10.498510 -1.479270 0.943090
10.680420 -1.335650 0.962240
10.938940 -1.326080 0.809050
10.785740 -1.259050 0.684580
10.670850 -1.431400 0.799480
10.642120 -1.220760 1.029270
10.919790 -1.115440 1.306930
11.321920 -1.613310 1.488840
11.762350 -2.235660 2.273960
12.336820 -2.953750 3.777160
12.863420 -3.690990 5.912290
14.309180 -4.552700 8.803810
15.467700 -3.164390 11.025110
16.559200 -1.929270 13.591090
16.607070 -5.471860 14.529390
15.898560 -10.862340 14.673010
16.597500 -14.117690 15.592170
18.110280 -12.997470 16.061330
19.546470 -11.522980 15.630470
19.594340 -11.838940 14.988970
19.594340 -13.083640 14.366630
19.594340 -13.859180 11.130430
19.594340 -15.132590 7.166560
19.354970 -14.988970 3.384610
18.206030 -12.365540 1.412250
17.066650 -8.334650 0.713300
15.400680 -5.366540 -0.320750
12.557040 -2.350550 -2.312260
9.550620 0.665430 -2.925030
6.132510 2.044170 -3.020770
2.417580 1.613310 -3.365460
0.071810 0.349470 -3.020770
-0.684580 0.033510 -3.825040
-0.493090 -0.138830 -4.073980
-1.038840 0.923950 -4.361210
-2.273960 2.704810 -3.652690
-3.470780 3.403760 -3.126090
-4.227170 2.321830 -2.685660
-4.102700 1.019690 -3.183540
-3.135670 0.904800 -3.853760
-2.360130 1.996300 -4.447380
-2.494170 2.886730 -4.648450
-3.451630 2.589920 -4.600580
-3.844190 1.603740 -4.772920
-3.001620 1.000540 -5.376120
-2.340980 1.958000 -6.496340
-3.260140 4.409090 -7.980400
-5.289940 7.300600 -10.661270
-8.286780 10.871910 -15.697490
-10.239990 9.244240 -11.245320
-5.395260 4.303770 -7.750610
8.439980 3.001620 -10.460210
19.594340 9.330410 -3.777160
19.594340 10.651700 2.388850
19.058160 -7.185710 19.594340
16.377290 -10.948510 19.594340
19.106030 3.509080 19.565620
8.267630 3.796310 19.594340
2.197360 -9.359130 18.713480
11.331490 -9.684670 15.199610
8.210190 3.020770 11.168730
2.762260 6.075060 12.671930
2.982480 6.285700 12.442140
3.786740 5.270800 11.436810
3.240990 2.398430 11.130430
2.838860 1.632460 10.201690
5.184620 0.014360 9.560200
6.706980 -1.211180 9.904880
5.835700 0.148410 10.881490
4.964410 1.871830 11.245320
5.423990 1.077140 10.488930
5.759100 -0.502660 9.272960
5.481440 -0.684580 8.344230
5.175050 -0.186700 7.932520
4.887810 0.292020 7.951670
4.409090 0.512240 8.325080
4.217590 0.809050 8.583590
4.658020 1.067560 8.602740
4.868660 1.077140 8.813380
4.581430 0.789900 8.794230
4.811220 0.033510 8.459130
5.433560 -0.770750 8.143160
5.222920 -0.378200 8.076140
4.753770 0.473940 8.507000
4.591000 0.713300 8.621890
4.696320 0.540960 8.258060
4.571850 0.550540 8.162310
4.495260 0.665430 8.229340
4.610150 0.751600 8.219760
