10.699570 -1.278200 -0.435640
10.757020 -1.354800 -0.445220
10.737870 -1.402670 -0.454790
10.690000 -1.479270 -0.378200
10.651700 -1.517570 -0.359050
10.680420 -1.594160 -0.378200
10.690000 -1.622890 -0.416490
10.661270 -1.642040 -0.406920
10.651700 -1.737780 -0.368620
10.747440 -1.948420 -0.272870
10.833610 -2.092040 -0.100530
11.025110 -1.996300 0.090960
11.216600 -1.661190 0.311170
11.475110 -1.900550 0.521810
12.059160 -2.532470 1.412250
12.662360 -2.446300 2.704810
13.562360 -2.025020 4.801640
14.768760 -1.795230 6.946340
16.137920 -0.981390 9.186790
18.407090 -2.475020 9.292110
17.851770 -5.548460 10.508080
16.319840 -8.037840 10.517650
18.167730 -11.657030 11.072980
18.646460 -10.642120 14.002790
19.594340 -7.530390 16.434730
19.594340 -8.085720 15.697490
19.201780 -12.604910 13.227250
16.281540 -13.897470 10.144250
15.237910 -11.609150 9.014450
13.993220 -7.664440 7.405920
13.294280 -5.021860 5.242070
11.446390 -2.944180 2.388850
9.665520 -2.589920 1.230330
7.319750 -2.264380 -0.435640
5.462290 -1.057990 -0.493090
3.317590 0.081380 -0.885650
1.077140 0.186700 -1.900550
-0.665430 -0.177130 -2.120770
-2.111190 0.062230 -1.259050
-3.049500 0.617560 -1.268630
-3.499500 0.722880 -1.326080
-4.275040 0.876070 -1.287780
-4.935690 0.943090 -1.335650
-5.222920 0.684580 -1.345230
-5.117600 0.435640 -1.622890
-4.696320 0.330320 -2.025020
-4.322910 0.636710 -2.551620
-4.581430 1.038840 -3.509080
-5.500590 1.795230 -3.767590
-6.505910 2.886730 -5.146330
-7.204860 3.825040 -7.032510
-7.453800 4.188870 -8.047420
-6.764430 2.944180 -6.984640
-5.232500 3.202690 -9.186790
-3.011200 5.634630 -10.680420
1.546290 5.682500 -7.922950
14.136840 2.475020 -2.254810
19.594340 1.546290 3.087800
16.884740 -5.960160 19.594340
17.641130 -1.230330 18.483690
16.712400 10.086800 18.914550
10.603830 4.275040 19.345400
-0.694160 -5.347390 13.552790
8.516570 -11.685750 9.177220
8.353800 -0.799480 10.977230
1.680340 7.674010 14.290030
4.303770 6.314420 14.060240
5.309090 3.403760 11.522980
4.342060 1.287780 10.354890
3.384610 1.182460 10.441060
4.006950 1.354800 10.622970
4.772920 1.421820 10.603830
4.322910 1.728210 10.412330
4.141000 1.077140 9.866590
4.734620 -0.052660 9.004870
4.763340 -0.416490 8.296360
4.169720 0.167550 8.401680
3.844190 0.780330 8.784660
4.169720 0.895220 8.832530
4.294190 1.412250 7.999550
3.978230 1.201610 8.066570
3.595250 0.177130 7.702730
4.073980 -0.368620 8.104870
4.054830 0.809050 8.880400
3.930360 1.795230 9.014450
3.882480 1.220760 8.593170
3.834610 0.435640 8.171890
4.093120 0.406920 8.372950
4.064400 0.962240 8.688910
3.968660 1.086710 8.957000
3.882480 0.473940 9.129340
4.217590 -0.004790 9.014450
4.447380 0.588840 9.110190
4.054830 1.651610 9.368710
