10.871910 -0.971820 0.004790
10.919790 -1.125010 0.052660
10.824040 -1.546290 0.023940
10.757020 -1.766510 0.129260
10.737870 -1.335650 0.426070
10.584680 -1.201610 0.607980
10.766590 -1.785660 0.665430
11.264470 -2.053740 1.048410
11.532560 -1.517570 1.172880
12.777250 -1.670760 1.871830
12.853850 0.464370 3.097370
9.857010 3.815460 4.571850
11.005960 1.680340 7.587840
12.691080 0.004790 9.828290
12.537890 0.023940 9.876160
14.165560 -4.332490 8.784660
14.701740 -3.892060 8.210190
15.438980 -2.379280 10.077230
15.506000 -4.006950 11.896390
16.042180 -7.358050 12.135760
18.493260 -9.971900 12.011290
19.594340 -11.293190 11.551710
19.594340 -10.948510 12.375120
19.594340 -11.063400 13.409170
19.556040 -12.777250 11.609150
18.703900 -15.218760 8.631470
16.224090 -12.576190 8.210190
14.931530 -9.416580 8.583590
14.098540 -9.378280 7.003790
12.480440 -7.980400 3.068650
10.948510 -4.839940 1.220760
9.205940 -1.259050 -0.713300
8.976150 0.914370 -1.833530
7.243150 1.900550 -1.077140
4.476110 0.933520 -3.614400
2.877160 1.287780 -4.361210
1.057990 2.944180 -4.064400
-0.540960 3.671840 -3.489930
-1.565440 4.964410 -3.442050
-2.398430 5.826120 -2.944180
-3.767590 5.739950 -2.848430
-4.725050 4.265470 -3.758010
-5.270800 4.677170 -4.389940
-4.916540 6.467620 -5.280370
-5.481440 8.104870 -5.701650
-6.266550 8.928280 -5.759100
-6.314420 8.746360 -5.988890
-5.567610 7.922950 -8.085720
-4.533550 8.267630 -9.225090
-4.591000 9.301690 -8.985730
-5.347390 8.717640 -8.286780
-4.495260 7.999550 -10.555950
-2.015450 8.736790 -13.255980
0.464370 8.784660 -8.937850
3.020770 6.515490 -6.496340
11.628300 1.709060 -0.445220
19.594340 -2.542050 -1.699480
19.594340 -9.991050 -0.923950
19.575190 -18.809220 15.582600
19.594340 -14.558120 19.594340
17.507080 12.499590 19.527320
12.432570 15.151740 19.594340
5.347390 -0.292020 17.210270
4.993130 -16.951760 9.225090
9.186790 -17.823040 4.523980
5.672930 -3.049500 9.904880
4.849520 10.383610 14.577270
4.543130 10.153820 14.730460
5.098450 3.805890 12.202780
4.322910 1.373950 9.971900
4.983560 -1.211180 9.426150
6.754850 -1.709060 9.493180
6.228250 1.259050 10.699570
5.395260 2.982480 12.030440
5.462290 1.000540 11.283620
5.845270 -0.780330 9.627220
5.452710 0.023940 8.851680
5.146330 1.029270 8.315510
4.782490 0.646280 8.296360
4.677170 0.473940 8.439980
5.136750 0.981390 8.459130
4.820790 0.550540 8.583590
4.964410 -0.330320 8.162310
5.299520 0.004790 7.989970
5.050580 0.521810 8.459130
4.859090 0.981390 8.612320
4.954840 1.096290 8.305930
4.677170 0.234580 8.372950
4.830370 -0.138830 8.066570
5.203770 0.598410 8.009120
4.945260 1.067560 8.382530
4.629300 1.259050 8.401680
4.667600 0.923950 8.171890
4.677170 0.349470 8.104870
