10.498510 -1.440970 0.368620
10.613400 -1.622890 0.349470
10.690000 -1.555870 0.378200
10.766590 -1.326080 0.416490
10.795320 -1.096290 0.493090
10.699570 -1.105860 0.502660
10.699570 -1.249480 0.483520
10.709150 -1.393100 0.435640
10.871910 -1.651610 0.454790
10.958080 -1.843100 0.579260
11.044250 -1.747360 0.780330
10.958080 -1.412250 0.904800
10.948510 -1.488840 0.847350
10.795320 -1.642040 0.751600
10.938940 -1.996300 1.086710
11.455960 -2.408000 2.082470
11.992140 -2.494170 3.221840
13.160230 -2.427150 4.322910
14.280460 -2.168640 5.960160
14.538970 -1.823950 9.339980
14.510250 -1.421820 11.360220
16.329410 -3.576100 12.384690
17.641130 -6.611230 10.488930
18.866670 -10.843190 10.900640
18.062410 -9.627220 14.213440
16.961330 -7.568690 16.712400
17.631550 -8.200610 16.243240
17.363470 -10.517650 14.395350
16.702820 -11.111280 13.351730
16.434730 -9.062320 12.422990
14.883650 -8.478270 12.346400
13.227250 -9.158070 9.349560
12.815550 -7.482520 6.496340
11.972990 -6.170800 7.118690
10.441060 -5.194200 3.700570
9.541050 -3.518650 0.617560
6.630380 -1.134590 -0.866500
3.422910 -0.225000 -1.622890
1.115440 -0.416490 -1.747360
-0.320750 -0.512240 -1.546290
-1.297350 -0.071810 -1.479270
-1.785660 -0.014360 -1.431400
-2.321830 0.301600 -2.159060
-2.829280 0.876070 -2.609070
-3.269710 1.440970 -2.398430
-3.758010 1.546290 -1.517570
-4.169720 1.402670 -1.239910
-4.418660 1.163310 -0.885650
-4.409090 1.172880 -1.316500
-4.035680 1.153730 -1.766510
-3.623970 1.402670 -2.245230
-3.834610 1.814380 -2.063320
-4.801640 2.369700 -2.293110
-5.548460 2.197360 -2.656940
-5.567610 1.603740 -3.087800
-4.887810 1.297350 -3.001620
-3.978230 1.747360 -3.566520
-4.026100 2.532470 -4.734620
-4.581430 3.470780 -6.438890
-4.648450 4.208020 -8.114440
-3.758010 5.318670 -11.896390
-0.703730 6.304850 -13.638960
5.806970 3.978230 -4.026100
10.977230 -1.737780 -2.044170
17.842190 1.498420 1.450550
19.594340 10.670850 6.821870
19.565620 2.005870 19.594340
19.441140 -9.272960 19.594340
12.279370 -3.710140 19.556040
1.421820 -2.704810 19.594340
5.194200 -8.966580 19.421990
8.641040 -4.380360 15.151740
5.242070 5.270800 13.476190
2.187790 11.905970 12.930440
1.728210 8.918700 11.609150
2.570770 1.412250 10.718720
2.992050 -0.129260 9.722970
4.188870 0.368620 9.799560
4.935690 -0.244150 10.441060
4.945260 0.138830 10.421910
4.227170 0.990970 10.307010
3.930360 1.038840 10.067650
4.217590 0.234580 9.148490
4.485680 -0.301600 8.028270
4.811220 -0.119680 7.396350
4.179300 0.445220 7.798480
3.432480 1.326080 8.085720
3.288860 1.651610 8.382530
3.652690 1.239910 8.372950
3.863340 0.780330 8.459130
3.805890 0.512240 8.669760
4.073980 0.435640 8.832530
4.246320 0.531390 8.976150
4.294190 0.627130 9.014450
