10.642120 0.071810 0.023940
10.862340 -0.100530 -0.033510
11.082550 -0.253730 -0.138830
10.862340 -0.014360 -0.263300
10.766590 0.148410 -0.119680
10.555950 -0.177130 -0.157980
10.393190 -0.560110 -0.177130
10.402760 -0.655860 -0.177100
10.584680 -0.751600 -0.301600
10.795320 -0.856920 -0.244150
10.804890 -0.847350 0.043090
10.929360 -0.684580 0.301600
11.264470 -0.473940 0.512240
11.341070 -0.540960 0.847350
11.350640 -0.981390 1.019690
11.628300 -1.306930 1.527140
12.394270 -0.914370 3.365460
13.514490 -0.655860 4.878240
14.060240 0.263300 6.955920
13.811300 0.751600 9.282540
14.146410 -1.440970 10.661270
16.051750 -5.577180 12.097460
16.607070 -6.879320 13.715560
17.095380 -7.444220 15.257060
18.014540 -6.898470 16.425160
18.368790 -6.802730 17.344320
18.885820 -7.760180 18.445390
19.594340 -11.436810 18.866670
19.594340 -14.500670 17.420910
19.594340 -14.759190 15.783660
19.594340 -12.633630 13.198530
19.584760 -11.532560 10.105950
18.895400 -10.718720 7.434650
17.353890 -8.219760 3.738870
15.697490 -5.672930 0.655860
13.208110 -3.059070 -1.718630
10.230420 -1.220760 -3.030350
6.706980 0.244150 -3.786740
3.528230 0.837770 -3.901630
1.172880 0.627130 -3.748440
0.167550 0.081380 -4.054830
-0.349470 -0.244150 -4.868660
-1.211180 -0.330320 -4.830370
-2.312260 -0.062230 -4.208020
-3.001620 0.177130 -4.131420
-3.413330 0.483520 -4.322910
-3.250560 1.077140 -4.897390
-2.666510 1.038840 -5.088880
-2.178210 0.761180 -5.213350
-1.862250 0.473940 -5.481440
-1.814380 0.971820 -6.697400
-2.360130 2.599490 -9.560200
-3.240990 4.322910 -10.814470
-3.901630 5.117600 -10.919790
-4.246320 4.284620 -9.770840
-3.758010 5.356970 -14.749610
-3.652690 7.683580 -19.565620
-1.297350 7.903800 -16.473030
5.289940 4.456960 -19.364550
19.259230 -0.598410 -5.653780
19.594340 2.992050 -4.792070
19.546470 10.795320 19.594340
19.594340 11.618730 19.594340
19.594340 2.685660 19.527320
11.810220 -3.623970 19.594340
-2.656940 -9.550620 19.498590
7.980400 -7.501670 17.698570
12.097460 8.631470 12.710230
6.256970 15.295360 14.012370
2.666510 12.490010 13.696410
1.804800 7.176130 11.207020
5.558030 2.245230 11.034680
6.592080 0.330320 11.283620
5.653780 -0.215430 12.355970
5.873990 1.852680 13.629390
5.356970 5.041010 14.031520
5.213350 4.677170 13.074060
5.423990 1.967570 10.977230
5.873990 -0.071810 8.957000
5.960160 -0.138830 7.980400
5.404840 1.651610 8.382530
5.108030 3.777160 9.071900
5.222920 3.231410 9.071900
5.251650 1.182460 8.334650
5.002710 0.952670 7.731460
5.088880 2.312260 8.085720
5.098450 2.436730 8.076140
4.935690 1.747360 8.104870
4.514410 1.584590 8.267630
4.332490 1.910120 8.171890
4.514410 1.622890 7.855930
4.361210 1.345230 7.645290
4.093120 1.613310 7.922950
4.198450 1.823950 8.229340
