10.814470 -1.287780 -1.105860
10.814470 -1.402670 -1.077140
10.651700 -1.488840 -1.038840
10.642120 -1.498420 -0.990970
10.747440 -1.527140 -0.981390
10.747440 -1.488840 -0.981390
10.622970 -1.498420 -0.990970
10.527230 -1.507990 -1.029270
10.613400 -1.460120 -1.105860
10.699570 -1.383520 -1.163310
10.718720 -1.393100 -1.153730
10.718720 -1.421820 -1.134590
10.900640 -1.546290 -1.105860
11.321920 -1.718630 -1.105860
11.829370 -1.833530 -0.876070
12.078310 -1.603740 -0.014360
12.719800 -2.417580 1.364370
13.868750 -4.418660 2.886730
14.720890 -6.563360 3.844190
15.869830 -4.849520 5.500590
17.909220 -1.622890 7.894220
18.579440 -0.703730 11.618730
18.359220 -2.484600 13.476190
19.441140 -7.118690 11.704900
19.316680 -11.207020 11.044250
18.703900 -13.064490 12.509160
18.512410 -8.928280 13.591090
16.961330 -6.716550 13.275130
15.438980 -9.569770 11.168730
15.257060 -13.734710 9.359130
15.429400 -12.585760 7.961250
14.041090 -8.258060 8.286780
12.805980 -6.400590 6.745280
12.317670 -6.563360 3.164390
10.555950 -4.763340 0.292020
8.076140 -2.762260 -0.598410
6.333570 -0.636710 -2.475020
4.236740 2.235660 -3.030350
1.192030 4.016530 -2.858010
-1.699480 3.614400 -3.145240
-3.365460 2.350550 -4.112270
-4.121850 1.709060 -4.533550
-5.261220 3.240990 -3.796310
-6.237830 3.863340 -3.049500
-7.042090 3.078220 -2.848430
-6.601660 2.187790 -3.394180
-5.510160 2.570770 -4.169720
-5.203770 3.384610 -4.456960
-5.950590 3.489930 -4.409090
-6.333570 2.982480 -4.926110
-5.385690 2.197360 -4.744190
-4.026100 1.890980 -4.418660
-3.327160 2.522900 -4.160150
-3.221840 4.064400 -4.265470
-2.714390 5.232500 -4.916540
-1.575020 5.423990 -5.366540
-0.368620 4.102700 -4.926110
1.153730 2.656940 -4.380360
3.700570 3.422910 -4.169720
10.287870 4.121850 -2.848430
19.594340 3.719720 1.105860
19.594340 4.926110 11.034680
18.186880 1.498420 19.594340
18.636880 -5.596330 19.517740
17.430490 -0.837770 18.866670
8.554870 -3.585670 19.594340
3.805890 -10.546380 16.769840
9.378280 -8.401680 11.599580
5.395260 3.556950 11.216600
4.428230 8.468700 11.580430
4.849520 7.626140 10.795320
4.093120 4.686750 10.986810
4.112270 1.603740 11.015530
5.289940 -0.157980 10.488930
6.448470 0.023940 10.852760
5.596330 2.139910 11.436810
4.581430 2.858010 11.427240
4.792070 1.584590 10.000630
5.165480 0.090960 8.794230
4.696320 0.081380 8.459130
4.428230 0.789900 8.248480
4.495260 1.804800 8.382530
4.351640 1.929270 8.535720
4.208020 1.622890 8.583590
4.456960 1.699480 8.813380
4.571850 1.507990 8.813380
4.485680 0.732450 8.449550
4.409090 0.454790 8.277210
4.437810 1.057990 8.191040
4.227170 1.498420 8.286780
4.121850 1.086710 8.095290
4.246320 0.157980 8.545290
4.399510 0.244150 8.870830
4.543130 1.287780 8.909130
