10.603830 -1.728210 -0.167550
10.757020 -1.910120 -0.263300
10.690000 -1.919700 -0.406920
10.565530 -2.072890 -0.502660
10.747440 -1.670760 -0.378200
10.737870 -1.335650 -0.339900
10.690000 -1.393100 -0.397340
10.709150 -1.613310 -0.292020
10.690000 -1.431400 -0.148410
10.814470 -1.115440 -0.023940
11.140000 -1.431400 0.052660
11.408090 -2.063320 0.330320
11.254900 -3.087800 0.770750
11.274040 -3.748440 1.364370
12.116610 -2.992050 2.551620
13.323000 -2.714390 4.705900
14.481520 -3.384610 6.276120
16.214520 -2.810130 7.444220
17.794320 -1.833530 9.368710
16.942180 -2.829280 10.278290
16.683670 -6.381440 11.005960
18.493260 -7.693160 10.881490
18.550710 -7.942100 12.116610
18.273050 -6.869750 13.744280
17.928360 -8.822960 13.897470
16.827290 -9.924030 12.020860
15.419830 -9.569770 10.259140
14.395350 -9.043170 9.397430
13.610240 -8.037840 7.530390
12.853850 -6.218680 4.763340
10.441060 -3.499500 1.316500
8.564440 -1.153730 -0.579260
6.505910 -0.014360 -0.818620
3.183540 -0.732450 -0.253730
1.326080 -1.479270 -1.038840
0.703730 -0.780330 -1.364370
-1.077140 0.933520 -1.776080
-3.202690 1.201610 -1.575020
-4.926110 0.770750 -1.527140
-5.883570 1.067560 -2.206940
-6.256970 1.948420 -2.982480
-6.841020 2.312260 -3.087800
-7.530390 1.603740 -2.494170
-7.271880 1.010120 -2.235660
-6.496340 1.316500 -2.532470
-5.931440 1.766510 -2.101620
-5.471860 1.680340 -2.120770
-5.194200 1.517570 -1.938850
-4.495260 1.871830 -2.082470
-3.652690 2.331410 -2.015450
-3.509080 2.446300 -1.804800
-3.882480 2.053740 -1.364370
-4.217590 3.049500 -3.279290
-4.456960 5.558030 -6.017610
-3.556950 6.189950 -5.558030
1.919700 3.480350 -1.565440
18.158150 -1.737780 4.715470
19.594340 2.187790 3.509080
19.527320 4.006950 10.278290
19.594340 -0.636710 17.870920
18.589010 2.187790 18.550710
13.342150 3.844190 19.354970
4.552700 -1.393100 18.320920
2.092040 -14.290030 12.059160
10.220840 -13.447470 8.765510
6.017610 1.393100 10.000630
3.566520 9.866590 10.881490
3.959080 11.542130 11.446390
3.442050 8.468700 11.072980
4.236740 2.666510 10.948510
4.141000 -0.780330 10.144250
5.155900 -1.632460 10.115520
5.605900 0.569690 11.264470
4.543130 3.384610 11.743200
4.006950 3.030350 11.005960
4.351640 0.847350 9.378280
4.409090 -0.129260 8.143160
3.997380 0.014360 8.200610
3.825040 0.550540 8.851680
4.073980 1.172880 9.138920
4.246320 1.594160 9.110190
4.246320 1.488840 8.918700
4.083550 1.038840 8.583590
3.834610 0.732450 8.334650
3.997380 0.655860 8.420830
4.141000 0.770750 8.621890
3.853760 0.799480 8.765510
3.796310 0.521810 8.736790
3.997380 0.426070 8.478270
4.006950 0.646280 8.411250
4.026100 0.818620 8.507000
4.131420 0.933520 8.305930
3.892060 0.856920 8.660190
3.480350 1.201610 8.909130
