1.900550 -2.293110 9.043170
1.900550 -2.245230 9.110190
1.948420 -2.340980 9.071900
2.063320 -2.436730 8.976150
2.101620 -2.446300 8.832530
2.159060 -2.321830 8.746360
2.159060 -2.159060 8.669760
2.149490 -2.101620 8.487850
2.264380 -2.149490 8.171890
2.417580 -2.149490 7.798480
2.628220 -2.101620 7.348470
2.934600 -2.063320 6.793150
3.202690 -2.072890 6.199530
3.394180 -1.986720 5.510160
3.461200 -2.111190 4.868660
3.250560 -2.149490 4.198450
3.020770 -2.092040 3.815460
3.126090 -1.910120 3.729290
3.317590 -1.622890 3.681420
3.355880 -1.565440 3.662270
3.489930 -1.814380 3.489930
3.834610 -2.111190 3.212260
4.217590 -2.503750 3.346310
4.629300 -2.723960 3.939930
5.127180 -3.030350 4.160150
5.883570 -3.135670 4.169720
6.706980 -2.886730 4.361210
7.511240 -2.810130 4.428230
7.980400 -3.087800 4.437810
8.516570 -3.844190 4.437810
9.675090 -4.294190 4.083550
10.996380 -4.054830 3.968660
12.126180 -3.317590 5.060160
12.748530 -3.001620 6.247400
13.591090 -3.413330 6.448470
14.653860 -3.719720 6.065480
15.458130 -3.671840 5.912290
15.601750 -3.777160 6.256970
15.869830 -4.303770 6.419740
16.013450 -4.629300 5.883570
15.659190 -4.973980 5.347390
14.759190 -5.012280 5.328240
13.571940 -4.571850 5.921870
13.026190 -4.370790 5.950590
12.805980 -3.997380 5.634630
11.982560 -3.595250 5.232500
11.025110 -3.604820 5.318670
10.699570 -3.604820 5.299520
10.852760 -3.154820 5.108030
10.938940 -2.819710 5.060160
10.737870 -2.704810 5.165480
10.460210 -2.733540 5.452710
11.848520 -5.251650 6.371870
12.375120 -5.491010 6.716550
12.777250 -4.993130 7.013370
12.671930 -4.476110 7.396350
12.327250 -4.600580 7.492090
12.260220 -5.510160 7.434650
12.403840 -6.084630 7.425070
12.490010 -6.027190 7.444220
12.499590 -5.883570 7.310180
12.384690 -5.347390 7.319750
10.680420 -2.695240 5.462290
10.824040 -2.609070 5.213350
10.642120 -2.733540 5.194200
10.431480 -2.915450 5.596330
10.460210 -3.011200 5.960160
10.929360 -3.365460 5.835700
11.455960 -3.671840 5.692080
11.551710 -3.872910 5.816550
11.810220 -4.303770 5.941020
11.838940 -4.715470 5.941020
12.269800 -5.213350 7.501670
12.547460 -6.381440 6.544210
11.905970 -5.912290 5.873990
11.005960 -4.705900 5.577180
10.364460 -3.911210 5.529310
9.828290 -3.844190 4.906960
9.043170 -3.863340 4.169720
8.009120 -3.470780 3.863340
6.869750 -2.944180 3.681420
5.730370 -2.417580 3.537800
5.165480 -1.890980 3.566520
4.303770 -1.756930 3.288860
3.614400 -1.871830 3.068650
3.145240 -1.507990 3.154820
2.656940 -0.751600 3.375030
2.139910 -0.502660 3.777160
1.958000 -0.770750 4.303770
2.015450 -1.278200 4.543130
2.187790 -1.795230 4.887810
2.264380 -1.871830 5.280370
2.053740 -1.575020 5.768670
1.881400 -1.460120 5.988890
1.996300 -1.661190 6.314420
2.063320 -1.996300 6.697400
1.910120 -2.293110 6.927190
1.642040 -2.321830 7.185710
1.440970 -2.159060 7.482520
1.239910 -1.776080 7.884650
1.125010 -1.804800 8.353800
1.134590 -2.053740 8.487850
1.048410 -2.226090 8.497420
0.885650 -2.273960 8.631470
0.981390 -2.187790 9.091040
