2.666510 -1.316500 8.775080
2.790980 -1.297350 8.430400
2.858010 -1.192030 8.152740
2.886730 -0.962240 7.865500
2.599490 -1.766510 8.928280
2.656940 -1.756930 8.861260
2.599490 -1.613310 9.004870
2.561200 -1.527140 9.138920
2.685660 -1.536720 9.119770
2.743110 -1.555870 9.033600
2.656940 -1.546290 9.071900
2.532470 -1.642040 9.100620
2.628220 -1.737780 8.985730
2.733540 -1.632460 9.033600
2.905880 -0.713300 7.444220
2.953750 -0.646280 6.793150
3.020770 -0.742030 6.113360
3.202690 -0.789900 5.328240
3.470780 -0.847350 4.533550
3.777160 -0.971820 3.662270
4.026100 -1.086710 2.867580
4.150570 -1.220760 2.168640
4.380360 -1.393100 1.699480
4.725050 -1.268630 1.603740
4.945260 -1.029270 1.450550
5.529310 -1.067560 1.364370
6.218680 -1.785660 1.383520
7.300600 -2.226090 1.488840
8.152740 -2.321830 1.871830
8.775080 -2.149490 2.609070
9.282540 -2.034590 3.671840
9.761260 -1.776080 4.437810
10.364460 -1.594160 5.213350
13.916620 -2.848430 6.132510
16.128350 -2.618640 6.065480
17.210270 -2.858010 6.572940
16.932610 -4.112270 7.214430
16.875160 -5.213350 7.089960
17.162400 -4.897390 6.850600
17.076230 -4.073980 7.645290
16.147490 -3.489930 8.861260
15.209190 -3.623970 8.746360
14.605990 -3.920780 7.425070
13.926200 -3.978230 6.065480
13.227250 -3.499500 5.749520
12.231500 -2.494170 6.199530
11.590010 -2.379280 6.132510
11.551710 -2.484600 5.529310
11.025110 -2.216510 5.251650
10.182540 -2.254810 5.816550
10.335740 -2.235660 6.132510
11.063400 -2.130340 6.161230
11.053830 -2.360130 5.806970
10.642120 -2.877160 5.816550
10.718720 -3.250560 5.931440
11.168730 -3.288860 5.979310
11.245320 -3.308010 6.572940
11.475110 -3.116520 7.501670
12.097460 -2.848430 8.267630
12.595330 -3.614400 8.037840
12.719800 -4.476110 7.616560
12.547460 -4.437810 8.487850
13.380450 -3.786740 10.172970
14.251730 -3.011200 11.226170
14.730460 -3.748440 11.025110
15.534720 -4.935690 10.603830
16.616650 -4.351640 10.709150
17.765600 -2.982480 10.460210
18.502840 -2.752690 9.837860
18.273050 -3.872910 8.210190
17.880490 -4.887810 6.094210
17.114530 -5.088880 4.715470
16.329410 -4.456960 4.265470
15.419830 -3.442050 3.662270
14.270880 -2.771840 2.790980
12.662360 -2.676090 1.919700
11.092130 -2.992050 0.981390
9.722970 -3.145240 0.761180
8.497420 -2.982480 0.368620
7.875080 -2.101620 0.272870
7.032510 -1.010120 0.789900
5.615480 -0.751600 1.297350
4.581430 -1.029270 1.326080
3.930360 -1.105860 1.498420
3.614400 -0.799480 1.958000
3.451630 -0.244150 2.350550
3.097370 0.655860 2.771840
2.628220 0.311170 3.872910
2.790980 -0.809050 4.466530
3.087800 -1.488840 4.667600
2.886730 -1.412250 4.859090
2.561200 -1.230330 4.964410
2.168640 -1.268630 5.270800
1.881400 -1.488840 5.692080
1.996300 -1.680340 5.931440
2.273960 -1.737780 6.572940
2.436730 -1.603740 7.396350
2.379280 -1.431400 8.152740
2.484600 -1.134590 8.641040
2.580340 -0.847350 8.947430
2.532470 -0.895220 9.196370
2.369700 -1.431400 9.416580
2.532470 -2.005870 9.579350
2.570770 -1.996300 9.684670
2.561200 -1.689910 9.828290
