3.528230 -1.345230 9.148490
3.480350 -1.316500 9.301690
3.509080 -1.498420 9.272960
3.470780 -1.680340 9.205940
3.422910 -1.737780 9.301690
3.470780 -1.661190 9.588920
3.595250 -1.795230 9.809140
3.681420 -1.910120 9.885730
3.470780 -1.881400 9.914460
3.250560 -1.814380 9.971900
3.135670 -1.613310 9.981480
3.135670 -1.421820 10.067650
3.154820 -1.335650 10.038930
3.068650 -1.287780 9.885730
3.145240 -1.412250 9.646370
3.279290 -1.440970 9.407000
3.221840 -1.297350 9.091040
3.135670 -1.201610 8.516570
3.221840 -1.192030 7.664440
3.279290 -0.971820 6.716550
3.231410 -0.722880 5.893140
3.327160 -0.770750 5.088880
3.662270 -0.856920 4.303770
3.796310 -0.531390 3.375030
3.882480 -0.292020 2.350550
4.131420 0.196280 1.536720
4.332490 0.799480 0.215430
4.504830 0.196280 -0.464370
4.792070 -0.416490 -1.326080
5.270800 -1.057990 -1.919700
6.122930 -1.776080 -2.072890
7.195280 -2.149490 -1.517570
8.143160 -1.594160 -0.923950
8.937850 -1.125010 -0.617560
10.105950 -1.919700 0.282450
12.135760 -2.934600 1.469690
14.223010 -3.643120 2.226090
16.185790 -3.968660 2.475020
18.004960 -3.710140 3.221840
19.383700 -4.016530 4.131420
19.594340 -5.787820 4.916540
19.594340 -6.553790 5.222920
19.594340 -6.075060 5.826120
19.594340 -5.759100 6.639960
19.594340 -6.400590 6.860170
19.594340 -6.706980 6.276120
19.039010 -6.247400 5.586760
15.515580 -6.362300 6.706980
15.036850 -6.343150 6.505910
14.299610 -3.604820 7.913370
12.767680 -0.694160 10.527230
11.925110 0.119680 11.944260
11.293190 -0.837770 10.527230
10.067650 -4.169720 8.133590
9.971900 -8.085720 7.233580
10.622970 -8.641040 8.085720
11.590010 -5.500590 10.058080
12.221930 -3.231410 11.944260
11.858090 -4.141000 11.484690
12.068730 -7.051660 9.052750
12.691080 -8.344230 7.827200
14.175140 -7.243150 9.186790
16.176220 -5.050580 11.264470
18.139010 -5.079300 11.676180
18.895400 -7.942100 9.617650
19.565620 -10.077230 6.965490
19.594340 -9.933610 6.132510
19.594340 -8.372950 6.314420
19.594340 -6.869750 6.113360
19.594340 -6.237830 5.280370
19.594340 -6.391020 4.045250
19.594340 -6.055910 2.858010
19.489020 -5.098450 2.589920
18.100710 -4.437810 2.245230
16.702820 -4.246320 1.776080
15.448550 -4.141000 0.809050
14.309180 -3.623970 0.378200
12.949590 -2.321830 0.473940
11.235750 -1.469690 0.397340
9.579350 -1.517570 -0.148410
8.018690 -2.111190 -0.962240
6.898470 -2.465450 -1.067560
6.103780 -1.977150 -0.550540
5.299520 -0.876070 0.454790
4.303770 0.292020 1.546290
3.106940 1.038840 2.053740
2.082470 0.895220 1.958000
1.938850 0.167550 2.044170
2.197360 -0.186700 2.963330
2.005870 0.177130 4.112270
1.680340 0.349470 4.677170
1.555870 -0.665430 4.897390
1.718630 -1.871830 5.376120
1.632460 -2.149490 5.835700
1.680340 -2.168640 6.410170
1.948420 -1.871830 7.109110
1.890980 -1.680340 7.511240
1.689910 -1.977150 7.597410
1.460120 -2.494170 7.769760
1.306930 -2.790980 8.095290
1.440970 -2.475020 8.612320
1.393100 -1.910120 9.004870
1.163310 -1.785660 9.071900
1.115440 -2.551620 8.851680
1.479270 -3.221840 8.679340
