2.848430 -2.111190 9.426150
2.819710 -1.804800 9.627220
2.628220 -1.804800 9.579350
2.551620 -2.053740 9.301690
2.513320 -2.159060 9.052750
2.484600 -1.977150 9.186790
2.436730 -1.651610 9.407000
2.331410 -1.498420 9.407000
2.293110 -1.718630 9.167640
2.398430 -1.890980 8.995300
2.379280 -1.785660 9.138920
2.331410 -1.488840 9.416580
2.369700 -1.354800 9.474030
2.494170 -1.507990 9.205940
2.609070 -1.689910 8.861260
2.647370 -1.642040 8.727210
2.781410 -1.440970 8.564440
2.896300 -1.287780 7.942100
3.164390 -1.115440 7.080390
3.375030 -0.923950 6.352720
3.595250 -0.866500 5.510160
3.767590 -0.694160 4.514410
3.882480 -0.292020 3.499500
4.131420 -0.014360 2.532470
4.409090 -0.004790 1.527140
4.380360 -0.253730 0.531390
4.236740 -0.646280 -0.244150
4.160150 -0.751600 -0.789900
4.476110 -0.665430 -1.000540
5.041010 -0.818620 -0.751600
5.749520 -1.086710 -0.349470
6.419740 -1.335650 -0.119680
7.338900 -1.785660 0.119680
8.880400 -2.417580 0.292020
10.843190 -2.723960 0.617560
13.064490 -2.848430 1.977150
15.008120 -3.394180 3.039920
16.750690 -3.930360 3.403760
18.703900 -3.892060 3.834610
19.594340 -4.169720 4.945260
19.594340 -5.261220 6.256970
19.594340 -6.706980 6.333570
19.594340 -7.693160 5.816550
19.594340 -7.109110 6.285700
18.914550 -6.371870 8.593170
18.253900 -6.017610 9.828290
17.612400 -5.184620 9.301690
16.080470 -5.596330 8.574020
14.548550 -5.912290 7.980400
12.710230 -5.423990 8.056990
11.580430 -5.376120 8.171890
12.011290 -4.887810 7.674010
11.992140 -3.001620 8.631470
10.881490 -1.412250 9.751690
9.971900 -1.766510 10.048500
10.000630 -3.518650 9.024020
10.421910 -6.055910 7.032510
10.948510 -7.089960 6.314420
11.542130 -5.854840 7.472940
11.752770 -4.878240 8.947430
11.685750 -5.730370 9.100620
12.557040 -6.764430 8.009120
13.773010 -6.955920 8.401680
14.701740 -6.209100 10.383610
15.304930 -5.471860 11.159150
16.310270 -5.577180 10.335740
17.277290 -6.324000 8.870830
17.985810 -7.224010 7.396350
18.435820 -7.425070 6.228250
18.435820 -6.841020 5.529310
18.387940 -5.577180 5.529310
18.512410 -4.131420 5.883570
18.828370 -2.992050 5.328240
18.608160 -2.312260 4.677170
17.104950 -2.513320 3.997380
15.850690 -3.489930 2.925030
15.247490 -3.700570 1.680340
13.935770 -2.896300 1.163310
12.126180 -2.072890 1.029270
10.259140 -1.402670 0.885650
8.574020 -1.125010 0.990970
7.252730 -1.431400 0.742030
6.563360 -1.661190 0.454790
5.797400 -0.837770 0.617560
4.447380 0.081380 1.144160
3.145240 -0.014360 1.555870
2.637790 -0.780330 2.417580
2.982480 -0.856920 3.039920
3.528230 0.071810 3.758010
3.317590 0.770750 4.447380
2.723960 -0.167550 5.165480
2.714390 -1.958000 5.692080
3.260140 -2.264380 5.826120
3.279290 -1.153730 6.228250
2.704810 -0.627130 6.706980
1.900550 -1.507990 6.678260
1.469690 -2.704810 6.180380
1.890980 -2.905880 6.266550
2.676090 -1.699480 7.444220
2.580340 -0.617560 8.621890
1.900550 -0.962240 8.784660
1.737780 -1.958000 8.171890
2.015450 -2.235660 8.018690
2.273960 -1.517570 8.612320
2.139910 -0.818620 9.177220
