3.068650 -2.321830 8.708060
3.020770 -2.264380 8.698490
2.848430 -2.206940 8.612320
2.771840 -2.417580 8.497420
2.867580 -2.408000 8.507000
2.886730 -2.092040 8.803810
3.020770 -1.919700 8.985730
3.106940 -1.977150 9.004870
3.135670 -2.159060 8.909130
3.164390 -2.197360 8.861260
3.145240 -2.092040 8.851680
3.336730 -2.015450 8.832530
3.451630 -1.804800 8.775080
3.365460 -1.642040 8.564440
3.422910 -1.622890 8.047420
3.537800 -1.584590 7.319750
3.738870 -1.498420 6.410170
3.939930 -1.555870 5.538880
4.246320 -1.498420 4.792070
4.418660 -1.239910 4.064400
4.514410 -1.048410 3.260140
4.619720 -1.000540 2.446300
4.744190 -1.029270 1.804800
4.878240 -0.885650 1.326080
4.954840 -0.847350 1.010120
5.127180 -0.885650 0.904800
5.519730 -0.856920 0.828200
6.113360 -0.876070 0.732450
6.908050 -0.780330 0.962240
7.597410 -0.904800 1.211180
8.229340 -1.345230 1.201610
9.205940 -1.603740 0.971820
12.547460 -2.187790 1.364370
14.902800 -2.417580 1.804800
17.104950 -2.685660 2.178210
19.019860 -3.097370 2.360130
19.594340 -4.026100 3.106940
19.594340 -5.222920 3.834610
19.594340 -5.912290 4.035680
19.594340 -6.276120 4.198450
19.594340 -6.534640 4.648450
18.416670 -6.812300 5.213350
16.377290 -7.760180 5.510160
15.965580 -8.344230 5.682500
15.936860 -7.616560 6.314420
14.835780 -6.630380 6.659110
13.236830 -5.768670 6.860170
11.867670 -5.155900 6.534640
11.522980 -4.878240 5.969740
11.321920 -4.591000 5.682500
10.680420 -4.179300 6.094210
9.971900 -4.026100 6.774000
10.230420 -3.690990 6.860170
10.412330 -3.355880 7.042090
10.307010 -3.509080 7.405920
10.690000 -3.786740 7.693160
11.436810 -4.169720 7.453800
11.886820 -5.175050 6.371870
11.542130 -6.295270 6.017610
12.116610 -7.013370 6.237830
14.318750 -6.352720 6.180380
15.027270 -5.778250 6.199530
14.280460 -6.525060 5.672930
14.309180 -7.348470 5.500590
15.180470 -7.003790 6.142080
15.965580 -5.692080 6.572940
17.171970 -5.222920 6.687830
18.292200 -5.347390 6.304850
18.196450 -6.142080 5.672930
18.426240 -5.720800 5.644200
18.541140 -4.045250 6.170800
18.531560 -3.413330 6.094210
18.598580 -3.815460 4.849520
18.014540 -4.332490 3.279290
17.200700 -4.370790 2.618640
16.300690 -3.719720 2.475020
15.180470 -2.867580 2.475020
12.911300 -2.896300 1.718630
11.724050 -2.714390 1.326080
10.144250 -2.532470 1.421820
9.043170 -2.618640 1.297350
8.066570 -2.522900 1.125010
7.195280 -2.178210 1.440970
6.601660 -1.737780 1.661190
5.873990 -0.990970 1.689910
4.255890 -0.100530 2.245230
3.758010 0.129260 2.561200
3.193120 0.052660 2.925030
2.637790 -0.397340 3.097370
2.273960 -0.866500 3.403760
2.235660 -0.837770 4.102700
2.446300 -0.560110 4.849520
2.532470 -0.301600 5.433560
2.159060 -0.330320 5.979310
1.910120 -1.029270 6.199530
2.149490 -1.699480 6.151650
2.522900 -1.728210 6.553790
2.628220 -1.507990 7.358050
2.312260 -1.373950 7.942100
1.900550 -1.498420 7.980400
1.814380 -1.737780 7.741030
2.072890 -1.795230 8.066570
2.130340 -1.661190 8.621890
2.082470 -1.756930 8.957000
2.178210 -1.747360 9.091040
