2.216510 -1.929270 9.186790
2.235660 -1.977150 9.167640
2.226090 -1.958000 9.253810
2.235660 -1.948420 9.301690
2.321830 -2.063320 9.263390
2.398430 -2.139910 9.234660
2.360130 -2.072890 9.272960
2.197360 -1.871830 9.378280
2.283530 -1.182460 7.606990
2.206940 -1.172880 6.917620
2.206940 -0.971820 6.324000
2.551620 -0.770750 5.854840
2.982480 -0.703730 5.203770
3.336730 -0.876070 4.476110
3.671840 -1.086710 3.729290
3.882480 -1.230330 2.934600
4.141000 -1.326080 2.178210
4.418660 -0.981390 1.728210
4.763340 -0.540960 1.919700
5.232500 -0.406920 2.168640
5.558030 -0.684580 1.699480
5.672930 -1.326080 1.172880
6.132510 -1.584590 1.268630
6.592080 -1.335650 1.498420
7.281450 -1.239910 1.709060
8.468700 -1.412250 2.015450
9.895310 -1.756930 2.254810
11.168730 -2.685660 2.293110
12.652780 -3.844190 2.848430
14.328330 -4.734620 3.518650
16.281540 -5.491010 3.834610
18.139010 -5.711230 4.437810
19.000710 -5.127180 6.314420
18.225180 -3.671840 7.846350
17.440060 -2.580340 8.238910
17.593250 -2.475020 7.702730
17.104950 -3.499500 6.726130
16.090050 -5.309090 5.251650
15.056000 -6.256970 4.016530
14.462370 -6.668680 3.173970
14.845360 -6.774000 3.614400
14.538970 -5.826120 5.261220
13.504920 -4.581430 6.553790
12.873000 -3.978230 7.329330
12.710230 -3.930360 7.817630
12.566610 -3.604820 7.980400
11.618730 -3.384610 8.056990
10.852760 -4.437810 7.482520
10.967660 -5.471860 6.869750
10.852760 -5.452710 6.994220
10.919790 -4.906960 7.568690
10.948510 -4.447380 8.095290
10.757020 -4.868660 7.846350
10.929360 -5.586760 6.955920
11.532560 -5.941020 6.764430
12.260220 -5.423990 7.405920
12.279370 -5.299520 7.463370
12.786830 -6.017610 6.908050
13.504920 -6.783580 6.438890
13.840030 -6.754850 6.419740
13.476190 -6.563360 7.808050
14.692160 -6.955920 8.746360
16.664520 -6.783580 8.468700
17.095380 -6.984640 8.009120
17.813470 -7.482520 7.664440
19.307100 -6.850600 7.472940
19.594340 -6.352720 6.898470
19.584760 -6.304850 5.931440
19.268800 -6.055910 4.782490
18.742200 -5.060160 4.006950
17.909220 -4.054830 3.623970
16.693250 -3.566520 3.355880
15.352810 -3.729290 2.580340
14.002790 -3.863340 1.689910
12.576190 -3.738870 0.933520
11.159150 -3.403760 0.780330
9.876160 -2.858010 1.010120
8.842110 -2.551620 0.837770
7.894220 -2.206940 0.646280
6.630380 -1.862250 0.713300
5.270800 -1.469690 0.464370
3.882480 -1.498420 0.454790
3.231410 -1.412250 1.163310
3.279290 -0.732450 2.053740
3.059070 0.196280 2.934600
2.398430 0.531390 3.872910
1.958000 -0.062230 4.725050
1.890980 -1.134590 5.155900
2.034590 -1.527140 5.012280
1.795230 -1.297350 5.213350
1.555870 -1.373950 5.988890
1.661190 -1.613310 6.659110
1.881400 -1.488840 7.051660
1.948420 -1.192030 7.396350
1.795230 -1.479270 7.386770
1.661190 -2.149490 7.415500
1.670760 -2.637790 7.568690
1.785660 -2.427150 7.779330
1.661190 -1.862250 8.124010
1.373950 -1.728210 8.583590
1.192030 -1.938850 8.755940
1.096290 -2.025020 8.813380
1.029270 -1.814380 9.119770
0.923950 -1.632460 9.330410
0.952670 -1.527140 9.368710
