5.937254722699 -1.513924294276 1.220659073212
5.726590894193 -1.459560225819 1.149892513090
5.514257795445 -1.407171460346 1.079882264641
5.300613651084 -1.356359274292 1.010782477353
5.085960188397 -1.306764439734 0.942754942653
4.870552937611 -1.258056895934 0.875983522841
4.654610462897 -1.209920371541 0.810687342490
4.438320728910 -1.162032524591 0.747133787716
4.221842786709 -1.114039839524 0.685652538918
4.005301806704 -1.065525476439 0.626652360378
3.788775936981 -1.015967732383 0.570643341900
3.572276068782 -0.964687579258 0.518268583498
3.355727063720 -0.910787907893 0.470349802466
3.138974808836 -0.853098422609 0.427947628737
2.921868677619 -0.790163532613 0.392422438776
2.704493279976 -0.720347003076 0.365446435022
2.487610546195 -0.642158857118 0.348863085188
2.273258878854 -0.554880091103 0.344255045520
2.065208660139 -0.459384676765 0.352165798509
1.868744173378 -0.358742648643 0.371210836506
1.689413341496 -0.258010548091 0.397664219089
1.531138210061 -0.162987357754 0.426057055771
1.394786531629 -0.078521859276 0.450649395206
1.278059199984 -0.007361098319 0.466939608065
1.176532051804 0.049958910892 0.472438084398
1.085018269762 0.094456093013 0.466596552850
0.998574282235 0.127854928290 0.450288189517
0.912976820865 0.151932713518 0.425263874895
0.824832278764 0.168155378841 0.393798062557
0.731554100279 0.177545442525 0.358546078365
0.631387670767 0.180701329018 0.322533429316
0.523571056940 0.177917388943 0.289151229283
0.408609870963 0.169380695388 0.262010727887
0.288509100527 0.155415636481 0.244535813223
0.166694435505 0.136708156551 0.239299247495
0.047404874542 0.114404067442 0.247332228195
-0.065363166509 0.090004381873 0.267796566016
-0.168907876558 0.065094885554 0.298279562867
-0.262348065814 0.041059350073 0.335578404892
-0.346450854219 0.018922489446 0.376538830491
-0.423015065239 -0.000641188856 0.418573174784
-0.494200963924 -0.017199190015 0.459773910811
-0.562050155739 -0.030443305624 0.498764930343
-0.628237281768 -0.040117457087 0.534478067998
-0.693985382609 -0.046003869084 0.565978224013
-0.760062923004 -0.047955153666 0.592383491608
-0.826810679479 -0.045950911913 0.612877802147
-0.894181054013 -0.040156403136 0.626790987576
-0.961794338871 -0.030962610833 0.633712013565
-1.029023037995 -0.018991086271 0.633597724277
-1.095109166092 -0.005054635353 0.626841332081
-1.159306150835 0.009923629840 0.614274847608
-1.221024260803 0.025018003537 0.597098123485
-1.279953588505 0.039411576913 0.576749180031
-1.336144574708 0.052488156427 0.554747292204
-1.390039916513 0.063889664060 0.532544995890
-1.442466606663 0.073536124665 0.511417082533
-1.494606528570 0.081616069853 0.492399321680
-1.547966039782 0.088560897415 0.476274571291
-1.604360738875 0.095016980012 0.463594188280
-1.665924151080 0.101825857705 0.454719320405
-1.735140653175 0.110017804810 0.449867949662
-1.814893969274 0.120818678355 0.449156811074
-1.908511617606 0.135664247203 0.452630458589
-2.019770558979 0.156209289989 0.460271840873
-2.152808766120 0.184309680317 0.471989962291
-2.311864726912 0.221944880976 0.487581782340
-2.500755484730 0.271040057189 0.506669718968
