3.856529482784 -0.985026902940 1.132099804152
4.074264491083 -1.030394268049 1.216992213734
4.292003660755 -1.075764586423 1.301885935839
4.509751106877 -1.121140976403 1.386782555886
4.727514667753 -1.166529635864 1.471685468748
4.945308912994 -1.211942660464 1.556601820507
5.163160216610 -1.257403217833 1.641546395549
5.381114938832 -1.302954828107 1.726549246095
5.599251865824 -1.348677575741 1.811670348991
5.817699531971 -1.394715531499 1.897027067879
6.036656791128 -1.441321154696 1.982843995976
6.256408658996 -1.488922485796 2.069539389254
6.477314708454 -1.538212961538 2.157864347170
6.699718766258 -1.590240409540 2.249097676074
6.923689198713 -1.646410924282 2.345239486140
7.148493738968 -1.708214316042 2.448992264489
7.371885483727 -1.776410638876 2.563096490838
7.589787297027 -1.849725460253 2.688667790824
7.797397833353 -1.924056470670 2.823255072470
7.991750315134 -1.993710610980 2.960803315213
8.173546623331 -2.054310486832 3.094565945366
8.346339228954 -2.104648996189 3.220408245311
8.514245354070 -2.146090592618 3.337620539258
8.680416104115 -2.180904699017 3.447659898181
8.846784179806 -2.211091771559 3.552717749193
9.014426617156 -2.237988300984 3.655013749154
9.183945840128 -2.262316427722 3.756751739164
9.355604669856 -2.284408246453 3.860474887273
9.529061510223 -2.304544588013 3.969643353294
9.702492166363 -2.323485675258 4.089214920298
9.870938416875 -2.343252120605 4.225590453050
10.024522258723 -2.367819806898 4.384496734406
10.149265326068 -2.402477693383 4.565548258679
10.234091341212 -2.450463886040 4.756513654528
10.280622161738 -2.508849228848 4.936121671484
10.303706148864 -2.569009272143 5.086966942623
10.320651057664 -2.621800481171 5.204588354090
10.342079887190 -2.661387451066 5.294651315608
10.370911281892 -2.685356880868 5.365945048020
10.405151336231 -2.693452764110 5.426466108225
10.440228682706 -2.686852376065 5.482826822066
10.470081208865 -2.668204565274 5.540959926465
10.487727703795 -2.641870876797 5.606722628462
10.486123238642 -2.613618375716 5.685739286814
10.459585179651 -2.589247490384 5.782368321721
10.405301739052 -2.572477539585 5.898336722711
10.323974471838 -2.563384125057 6.032041541427
10.219129908244 -2.558599674220 6.179130778101
10.095640981480 -2.553144150726 6.333980201261
9.958363042842 -2.542619538645 6.491156178300
9.811269065169 -2.524665758163 6.646284059505
9.656866484003 -2.499433022322 6.796277059721
9.495563176923 -2.469360157331 6.939076300909
9.324978229735 -2.438476792301 7.072989117999
9.139801965940 -2.411045830944 7.195733769172
8.933460111341 -2.389197073852 7.303669715680
8.702475403076 -2.370115057402 7.392254513328
8.451510713722 -2.345278120159 7.458410185218
8.193826890982 -2.304108562126 7.503284185180
7.945096464571 -2.239792589291 7.532448250361
7.716236623688 -2.151986850904 7.553203960322
7.511191412410 -2.045081870688 7.571780477844
7.329088731923 -1.925095748581 7.592339445345
7.167259968069 -1.797720478640 7.617406261894
7.023245051457 -1.667802526711 7.648716632518
6.895725276425 -1.539627316731 7.687953596683
6.784855175058 -1.417495566344 7.737285924744
6.692313319265 -1.306341905032 7.799739055556
