-8.58359,2.20694,-1.74736
-8.54529,2.27396,-1.77608
-8.47827,2.21651,-1.54629
-8.46870,1.97715,-1.44097
-8.49742,1.78566,-1.32608
-8.41125,1.73778,-1.12501
-8.43998,1.81438,-1.05799
-8.52615,1.79523,-1.12501
-8.45913,1.63246,-1.27820
-8.48785,1.63246,-1.39310
-8.54529,1.74736,-1.23033
-8.50700,2.06332,-1.18246
-8.57402,2.17821,-1.14416
-8.59317,2.02502,-1.18246
-8.65062,1.83353,-1.41225
-8.66976,1.91970,-1.42182
-8.66976,2.10162,-1.42182
-8.62189,1.84310,-1.27820
-8.61232,1.70906,-1.44097
-8.63147,1.62289,-1.34523
-8.56444,1.72821,-1.28778
-8.54529,1.88140,-1.32608
-8.51657,2.13991,-1.29735
-8.49742,2.19736,-1.35480
-8.52615,2.03459,-1.55587
-8.51657,1.92927,-1.67076
-8.41125,1.91012,-1.50799
-8.41125,1.96757,-1.57502
-8.41125,1.88140,-1.49842
-8.30593,1.88140,-1.53672
-8.37295,1.89098,-1.72821
-8.38253,2.04417,-1.79523
-8.38253,2.10162,-1.75693
-8.45913,2.08247,-1.68034
-8.48785,2.01545,-1.79523
-8.43998,2.08247,-1.96757
-8.41125,2.01545,-1.87183
-8.51657,2.01545,-1.70906
-8.58359,1.95800,-1.42182
-8.52615,1.96757,-1.34523
-8.43040,2.08247,-1.56544
-8.39210,1.94842,-1.68034
-8.39210,1.91012,-1.77608
-8.42083,1.72821,-1.85268
-8.41125,1.55587,-1.74736
-8.32508,1.80480,-1.52714
-8.20061,1.93885,-1.40267
-8.24848,1.85268,-1.53672
-8.39210,1.89098,-1.76651
-8.37295,2.10162,-1.85268
-8.27721,2.06332,-1.74736
-8.22934,1.93885,-1.89098
-8.34423,2.00587,-1.98672
-8.43040,1.95800,-1.95800
-8.49742,2.04417,-1.91970
-8.34423,2.01545,-1.74736
-8.29636,1.88140,-1.70906
-8.37295,1.71863,-1.57502
-8.48785,1.74736,-1.51757
-8.53572,1.79523,-1.49842
-8.47827,1.81438,-1.52714
-8.49742,1.86225,-1.73778
-8.57402,1.95800,-1.63246
-8.60274,2.14949,-1.46012
-8.59317,2.17821,-1.40267
-8.54529,1.93885,-1.63246
-8.54529,1.66119,-1.63246
-8.55487,1.72821,-1.46969
-8.58359,1.98672,-1.45055
-8.53572,1.90055,-1.37395
-8.49742,1.78566,-1.60374
-8.48785,1.82395,-1.46969
-8.42083,1.91970,-1.46012
-8.52615,1.94842,-1.68991
-8.51657,1.89098,-1.71863
-8.46870,2.00587,-1.54629
-8.51657,2.26438,-1.51757
-8.53572,2.35055,-1.59416
-8.60274,1.76651,-2.02502
-8.71764,1.49842,-2.25481
-8.75594,1.78566,-2.33141
-8.76551,1.69948,-2.47502
-8.87083,1.45055,-2.71439
-8.95700,1.37395,-2.67609
-8.93785,1.46012,-2.70481
-8.90913,1.42182,-2.72396
-9.11019,1.78566,-2.97290
-9.23466,1.77608,-3.25056
-9.28254,1.94842,-3.63355
-9.28254,1.98672,-3.55695
-9.55062,2.02502,-3.65269
-9.97190,1.67076,-3.69099
-10.05808,1.30693,-3.18354
-10.24957,1.71863,-3.24099
-9.73254,1.86225,-4.37079
-9.19637,2.32183,-5.14633
-8.41125,1.23033,-4.88781
-9.79956,1.74736,-8.88998
-8.56444,2.49417,-9.68467
-8.47827,4.81122,-9.03360
-8.34423,3.40376,-8.76551
-8.37295,1.24948,-8.94743
-7.99955,0.97182,-9.55062
-7.63571,2.76226,-10.89106
-7.25273,4.22717,-11.50384
-7.05166,2.98248,-11.81979
-6.60166,1.88140,-12.04958
-6.19953,2.11119,-11.57086
-6.05591,3.14524,-11.22617
-5.46229,2.83886,-11.67618
-5.03143,2.70481,-12.23150
-4.34206,2.58034,-11.78150
-3.25056,2.06332,-11.20702
-2.89630,2.99205,-11.24532
-2.29311,3.44205,-10.88149
-1.13459,2.15906,-9.92403
0.34947,0.80905,-9.34956
1.19203,0.25373,-8.26763
2.13991,-0.30160,-6.81230
2.81013,0.44522,-6.31442
3.32716,0.97182,-4.90696
4.05483,0.06223,-2.65694
4.76334,-1.34523,-1.57502
4.34206,-1.55587,-2.39843
3.43248,-1.61331,-2.80056
3.05907,-1.61331,-1.37395
3.55695,-0.30160,0.61756
3.71014,1.28778,2.41758
3.29844,0.01436,3.03035
2.91545,-1.77608,2.33141
2.76226,-1.77608,1.72821
2.61864,0.78033,4.29419
3.22184,1.23033,7.46337
4.12185,0.39734,8.46870
5.26122,-1.17288,7.39635
6.09421,-4.51441,5.88357
5.20377,-2.38885,8.16231
5.30909,1.85268,12.85385
6.24740,5.93144,14.45280
7.18571,2.94418,11.55171
5.71123,-3.62397,9.75169
4.39951,-2.45587,11.23575
5.87399,2.87716,13.65811
7.31975,6.86975,13.84960
7.93252,4.48568,12.34640
7.23358,-1.32608,10.15382
6.84102,-4.90696,9.18679
7.56869,-2.04417,10.82404
8.82296,2.71439,13.11236
8.85168,5.02186,14.09854
8.86126,2.58034,13.56236
9.24424,-0.96224,11.73362
10.06765,-2.14949,10.41233
9.33041,-1.44097,12.14533
8.63147,-0.28245,13.08364
8.65062,3.03992,13.41875
10.14425,4.23674,13.26555
11.90597,0.78990,10.83361
10.44106,-4.57185,8.62189
6.03676,-5.16548,7.67401
5.02186,-2.67609,8.90913
6.85060,4.38036,11.52298
9.79956,6.33357,13.35173
10.72829,2.73354,11.15915
9.27296,-2.04417,8.98573
7.09954,-1.92927,8.79423
7.72188,-0.35905,9.56020
9.04317,0.93352,9.20594
8.96658,1.29735,9.27296
8.33465,0.37820,9.07190
8.52615,-1.12501,8.17189
8.72721,-0.91437,7.72188
8.81338,-0.57926,7.51124
8.40168,-0.41649,7.40592
8.00912,-0.52181,7.22401
8.19104,-0.58884,6.70698
8.37295,-0.78990,6.42932
7.97082,-0.91437,6.18995
7.54954,-0.39734,6.54421
7.89422,0.01436,6.65911
8.26763,0.13883,6.43889
8.19104,-0.56969,6.04633
7.80805,-1.11544,5.77825
7.19528,-0.20585,6.36230
7.28145,0.82820,7.03251
7.68358,0.95267,6.84102
7.89422,0.06223,6.37187
7.98997,-1.04841,6.03676
7.78890,-1.02927,6.14208
7.85593,-0.35905,6.66868
8.11444,0.51224,7.08039
8.33465,0.28245,6.97507
8.22934,-0.80905,6.46762
8.05699,-1.32608,6.36230
8.02827,-0.73245,6.63038
8.18146,-0.11968,7.07081
8.24848,-0.01436,7.05166
8.13359,-0.33032,6.87932
8.12401,-0.70373,6.55379
8.08572,-0.92395,6.31442
7.84635,-0.77075,6.35272
7.93252,-0.20585,6.72613
8.11444,-0.05266,6.95592
8.13359,-0.37820,6.58251
8.12401,-0.56969,6.41017
7.94210,-0.65586,6.43889
7.96125,-0.74203,6.32400
8.08572,-0.30160,6.55379
8.15274,-0.18670,6.70698
8.00912,-0.18670,6.71655
7.98040,-0.30160,6.62081
8.00912,-0.45479,6.42932
8.06657,-0.57926,6.32400
8.07614,-0.40692,6.27612
8.00912,-0.26330,6.54421
7.87508,-0.12926,6.62081
8.01869,-0.25373,6.59208
8.07614,-0.38777,6.48677
8.04742,-0.48352,6.47719
7.98040,-0.42607,6.45804
7.98040,-0.28245,6.50591
8.05699,-0.14841,6.66868
8.08572,-0.37820,6.59208
8.04742,-0.69416,6.45804
7.98997,-0.61756,6.43889
8.01869,-0.33032,6.44847
8.07614,-0.22500,6.42932
8.06657,-0.41649,6.41974
8.01869,-0.68458,6.51549
7.99955,-0.62713,6.47719
