-7.65486,3.36546,-5.59633
-7.96125,3.88248,-5.18462
-7.96125,4.75377,-4.58143
-7.90380,5.51016,-4.11227
-8.03784,5.42399,-3.56652
-8.20061,5.22292,-3.06865
-8.19104,4.94526,-3.17397
-8.03784,4.54313,-3.05907
-7.80805,4.85909,-2.57077
-7.94210,5.27080,-1.97715
-8.04742,5.73037,-1.80480
-7.79848,4.82079,-2.10162
-8.00912,3.26971,-2.41758
-8.18146,2.98248,-2.17821
-8.08572,4.09312,-1.39310
-7.76976,4.66760,-0.93352
-7.74103,4.57185,-1.29735
-7.65486,4.45696,-1.88140
-7.86550,3.73887,-2.08247
-7.82720,2.98248,-1.66119
-7.53039,3.18354,-0.72288
-7.31018,4.42823,-0.71330
-7.28145,4.60058,-1.03884
-7.10911,4.12185,-1.30693
-6.86975,3.58567,-1.63246
-7.08996,3.65269,-1.68991
-7.12826,3.95908,-1.46012
-7.12826,3.93993,-1.49842
-7.08039,3.95908,-1.77608
-7.27188,3.64312,-1.91970
-8.13359,3.36546,-2.08247
-8.16231,3.65269,-2.34098
-7.99955,3.59525,-2.33141
-8.01869,3.18354,-2.35055
-8.05699,3.14524,-2.43673
-7.74103,3.48993,-2.86758
-7.90380,3.60482,-3.31759
-7.98997,3.40376,-3.56652
-7.66444,3.03992,-3.38461
-7.19528,3.34631,-3.48993
-7.10911,3.03992,-3.90163
-7.43465,2.54205,-4.41866
-7.39635,2.81013,-4.50483
-7.29103,3.70057,-4.23674
-7.35805,4.24632,-4.01653
-7.58784,4.06440,-3.94951
-7.96125,3.79631,-4.30377
-7.96125,3.68142,-4.41866
-8.08572,3.87291,-3.88248
-7.86550,4.64845,-3.11652
-7.78890,4.38036,-3.36546
-7.93252,4.00695,-3.86334
-7.96125,3.78674,-4.00695
-7.60699,3.57610,-3.91121
-7.65486,3.02077,-3.95908
-7.80805,2.90588,-3.82504
-7.78890,3.32716,-3.55695
-7.96125,3.30801,-3.47078
-8.19104,2.81013,-3.34631
-8.26763,2.92503,-2.99205
-8.12401,3.45163,-2.64737
-8.13359,3.48993,-2.62822
-8.29636,2.96333,-3.05907
-8.26763,2.68566,-3.19312
-8.16231,2.92503,-2.81971
-8.13359,3.05907,-2.36013
-8.20061,2.93460,-2.06332
-8.15274,2.89630,-2.17821
-8.08572,2.84843,-2.65694
-8.05699,2.47502,-2.95375
-7.98997,2.45587,-2.86758
-7.88465,2.54205,-2.75269
-7.95167,2.52290,-2.68566
-7.99955,2.47502,-2.77184
-7.94210,2.70481,-2.74311
-7.86550,3.05907,-2.52290
-7.78890,3.25056,-2.41758
-7.82720,3.30801,-2.33141
-7.81763,3.22184,-2.28353
-7.78890,3.26971,-2.28353
-7.75061,3.41333,-2.16864
-7.78890,3.41333,-1.90055
-7.85593,3.54737,-1.90055
-7.89422,3.66227,-2.05374
-7.87508,3.52823,-2.36013
-7.98040,3.35588,-2.38885
-8.02827,3.46120,-2.22609
-8.06657,3.36546,-2.10162
-8.03784,3.29844,-2.02502
-8.02827,3.45163,-2.14949
-8.07614,3.25056,-2.40800
-8.05699,3.05907,-2.64737
-7.98040,3.26971,-2.55162
-7.88465,3.28886,-2.34098
-7.99955,3.37503,-2.31226
-7.98997,3.39418,-2.33141
-7.91337,3.16439,-2.28353
-7.88465,3.18354,-2.38885
-7.90380,3.25056,-2.38885
-7.96125,3.26014,-2.36013
-8.00912,3.11652,-2.40800
-8.05699,3.13567,-2.63779
-8.03784,3.10694,-2.61864
-8.09529,3.00162,-2.39843
-8.11444,3.20269,-2.43673
-8.13359,3.32716,-2.42715
-8.14316,3.15482,-2.46545
-8.17189,2.82928,-2.77184
-8.21976,2.73354,-2.88673
-8.20061,2.79098,-2.70481
-8.28678,2.94418,-2.57077
-8.50700,3.02077,-2.39843
-8.65062,3.41333,-2.57077
-8.67934,3.44205,-2.90588
-8.78466,3.03035,-2.87716
-9.04317,2.81013,-1.98672
-9.83786,2.96333,-1.91012
-9.90488,3.08780,-3.07822
-10.25914,4.11227,-2.03459
-10.37404,3.97823,-3.58567
-11.07298,3.26971,-4.35164
-10.00063,4.02610,-6.82187
-10.02935,3.96866,-8.60274
-10.30701,1.77608,-9.02402
-10.72829,1.74736,-9.40700
-10.26872,2.13034,-10.91979
-9.92403,1.84310,-12.49959
-9.52190,1.33565,-13.73471
-9.11019,1.11544,-13.85918
-8.50700,1.01969,-13.31343
-7.68358,1.28778,-13.05491
-6.41974,1.78566,-13.01661
-5.11760,1.94842,-12.56661
-3.51865,2.12077,-11.55171
-1.74736,2.02502,-10.24957
-0.73245,1.67076,-10.11552
-0.46437,1.77608,-10.01020
0.37820,2.46545,-8.66019
4.12185,-0.22500,-4.93569
5.49101,-2.18779,-5.16548
6.43889,-2.84843,-4.89739
6.97507,-1.84310,-3.41333
7.95167,-1.35480,-1.74736
8.63147,-1.46012,-0.26330
8.98573,-0.97182,0.96224
9.13892,-1.01969,1.85268
8.86126,-2.07289,2.46545
8.11444,-2.49417,2.43673
7.22401,-1.61331,3.44205
6.84102,-0.30160,5.85484
6.96549,0.87607,8.16231
6.93677,1.43140,8.49742
6.53464,0.15798,6.55379
6.44847,-2.83886,5.88357
5.89314,-1.16331,9.66552
6.00804,3.11652,13.24640
6.72613,6.65911,13.45705
8.48785,5.88357,10.54638
9.86659,-2.06332,7.28145
9.05275,-6.64953,7.34847
9.58892,-2.86758,11.04425
11.76235,2.91545,14.10811
13.13151,4.51441,13.47619
13.56236,1.48884,12.10703
13.24640,-2.29311,12.56661
12.83470,-1.20161,15.21876
13.15066,3.72929,16.69325
13.81130,4.41866,15.42940
13.33258,1.99630,14.00279
12.25065,-1.38352,13.03576
11.85809,2.72396,14.06982
12.11661,4.33249,13.74428
11.35064,3.16439,12.30810
10.28787,0.51224,10.83361
9.35913,-0.93352,9.36871
9.23466,-0.61756,8.31551
9.60807,0.16755,8.47827
9.93361,0.54096,8.86126
10.07723,0.46437,8.70806
10.01978,0.64628,8.57402
9.64637,1.12501,8.52615
9.39743,0.56011,7.97082
9.49318,-0.29202,7.33890
9.51233,-0.42607,6.78358
9.42615,0.02394,6.65911
9.32083,0.89522,6.92719
9.37828,0.67501,6.53464
9.46445,-0.16755,6.03676
9.52190,-0.82820,5.64420
9.41658,-0.84735,5.41441
9.16764,-0.37820,5.37612
9.14849,0.12926,5.42399
9.45488,0.25373,5.47186
9.56977,-0.30160,5.07930
9.33041,-0.85692,4.65802
8.83253,-0.57926,4.75377
8.88998,0.12926,5.18462
9.19637,0.56969,5.28037
9.30169,0.38777,5.16548
9.24424,-0.29202,4.96441
9.11019,-0.78990,4.81122
8.93785,-0.63671,4.86866
9.07190,0.09096,5.16548
9.33998,0.16755,5.29952
9.29211,-0.08138,5.06016
9.11977,-0.68458,4.90696
9.06232,-0.75160,4.76334
9.23466,-0.57926,4.87824
9.35913,-0.35905,4.93569
9.27296,-0.39734,4.82079
8.88040,-0.66543,4.78249
8.68891,-0.78990,4.79207
8.75594,-0.17713,5.06973
8.85168,0.25373,5.18462
8.91870,-0.00479,5.13675
8.94743,-0.38777,5.02186
8.99530,-0.77075,4.95484
8.88998,-0.67501,5.05058
8.97615,-0.33032,5.36654
9.11977,0.00000,5.48144
9.32083,-0.12926,5.49101
9.36871,-0.64628,5.28994
9.23466,-1.01012,5.03143
9.11019,-0.53139,5.06973
9.26339,-0.07181,5.51016
9.32083,0.14841,5.68250
9.32083,0.00479,5.54846
9.22509,-0.33032,5.41441
9.08147,-0.40692,5.25165
9.02402,-0.22500,5.30909
9.17722,0.10053,5.44314
9.23466,0.09096,5.51973
9.12934,0.00479,5.39526
9.16764,-0.17713,5.26122
9.13892,-0.43564,5.16548
9.18679,-0.19628,5.16548
9.30169,0.00479,5.28037
9.20594,-0.07181,5.35697
