10.79532,-1.46969,0.51224
10.80489,-1.54629,0.43564
10.75702,-1.58459,0.29202
10.79532,-1.57502,0.28245
10.90064,-1.53672,0.33032
10.93894,-1.51757,0.43564
10.85276,-1.46969,0.46437
10.80489,-1.46969,0.37820
10.77617,-1.52714,0.32075
10.76659,-1.50799,0.27287
10.69957,-1.51757,0.23458
10.65170,-1.56544,0.21543
10.70915,-1.52714,0.17713
10.71872,-1.52714,0.18670
10.62297,-1.46969,0.19628
10.55595,-1.41225,0.22500
10.55595,-1.51757,0.27287
10.55595,-1.55587,0.29202
10.55595,-1.45055,0.33990
10.60383,-1.35480,0.36862
10.78574,-1.46012,0.38777
10.99638,-1.64204,0.39734
11.02511,-1.65161,0.36862
10.84319,-1.53672,0.34947
10.60383,-1.46969,0.28245
10.58468,-1.52714,0.14841
10.58468,-1.59416,0.09096
10.59425,-1.64204,0.15798
10.66127,-1.55587,0.30160
10.77617,-1.46012,0.32075
10.79532,-1.46012,0.27287
10.69957,-1.47927,0.16755
10.74744,-1.60374,0.18670
10.89106,-1.68034,0.25373
10.86234,-1.72821,0.20585
10.80489,-1.72821,0.21543
10.78574,-1.62289,0.25373
10.70915,-1.46012,0.22500
10.64212,-1.46969,0.15798
10.68042,-1.55587,0.12926
10.82404,-1.68991,0.15798
10.77617,-1.63246,0.19628
10.74744,-1.35480,0.28245
10.74744,-1.22076,0.30160
10.77617,-1.33565,0.32075
10.88149,-1.47927,0.30160
10.78574,-1.53672,0.18670
10.78574,-1.48884,0.16755
10.91979,-1.34523,0.24415
10.91021,-1.14416,0.36862
11.04425,-1.07714,0.45479
11.35064,-1.00054,0.62713
11.85809,-0.71330,1.29735
12.48044,0.06223,2.41758
12.79640,0.86650,3.26014
12.62406,1.25905,3.58567
11.89639,1.88140,3.78674
11.36022,2.54205,4.20802
11.76235,2.65694,4.77292
12.38469,2.65694,5.19420
12.67193,1.73778,4.22717
12.55704,1.04841,3.67184
12.28895,0.31117,2.96333
11.88682,-0.37820,2.24523
11.53256,-1.01012,1.47927
11.23575,-1.82395,0.58884
10.91021,-2.48460,-0.10053
10.50808,-2.99205,-0.41649
9.97190,-3.17397,-0.69416
9.47403,-3.20269,-0.97182
9.02402,-3.32716,-1.40267
8.64104,-3.55695,-1.83353
8.45913,-3.71014,-2.25481
8.35380,-4.10270,-2.61864
8.31551,-4.61015,-2.91545
8.36338,-4.91654,-2.97290
8.51657,-4.92611,-2.59949
8.58359,-4.55270,-2.27396
8.99530,-4.27504,-2.05374
9.51233,-3.90163,-1.81438
10.10595,-3.53780,-1.46969
11.13043,-3.11652,-0.83777
11.51341,-2.30268,-0.48352
11.82937,-2.11119,-0.62713
13.47619,-2.14949,-0.70373
14.03152,-0.30160,-0.44522
14.07939,1.87183,1.61331
14.17514,3.54737,3.69099
14.34748,5.17505,4.41866
13.96450,7.31975,4.41866
13.58151,8.24848,4.83994
13.08364,7.38677,6.81230
13.52407,7.76976,7.39635
13.79215,9.14849,7.65486
13.71556,10.52723,7.81763
13.49534,10.88149,7.74103
13.44747,9.97190,7.10911
14.06024,8.12401,6.20910
14.65386,6.19953,5.40484
14.66344,4.03568,3.95908
14.71131,3.08780,3.17397
14.59642,2.09204,2.33141
14.23258,0.99097,1.57502
13.79215,-0.20585,1.02927
13.12194,-1.18246,0.68458
12.37512,-1.73778,0.39734
11.56128,-2.18779,-0.22500
10.83361,-2.87716,-0.68458
10.16340,-3.75801,-1.23033
9.37828,-4.27504,-1.60374
8.59317,-4.05483,-1.77608
7.97082,-3.84419,-1.68991
7.66444,-3.91121,-1.68034
7.47294,-4.12185,-1.91970
7.39635,-4.32291,-2.13991
7.36762,-4.24632,-2.18779
7.40592,-3.95908,-2.18779
7.57826,-3.84419,-2.33141
7.92295,-3.93036,-2.64737
8.51657,-4.16972,-2.68566
9.40700,-4.14100,-2.27396
10.21127,-3.60482,-2.04417
10.53680,-2.95375,-2.35055
11.61873,-2.77184,-1.83353
13.29428,-1.85268,-0.22500
13.65811,0.17713,0.64628
13.84960,2.10162,1.12501
14.79748,3.04950,2.67609
15.21876,3.92078,4.20802
14.51025,5.67293,5.03143
13.76343,7.17613,5.88357
14.05067,6.92719,6.99422
14.29003,6.11336,7.52082
13.64854,5.91229,6.93677
13.08364,5.47186,5.68250
13.13151,4.31334,4.49526
12.81555,3.32716,3.57610
12.20278,2.76226,2.58992
11.40809,2.60907,1.91012
11.14000,1.68991,1.99630
11.03468,0.79948,2.17821
10.81447,0.20585,1.98672
10.82404,-0.35905,1.50799
10.99638,-0.85692,1.09629
11.14958,-1.20161,0.89522
11.17830,-1.33565,0.79948
11.11128,-1.46969,0.76118
11.05383,-1.65161,0.65586
10.90064,-1.68991,0.46437
10.69957,-1.50799,0.25373
10.57510,-1.37395,0.23458
10.59425,-1.58459,0.49309
10.46978,-1.66119,0.75160
10.38361,-1.45055,1.00054
10.45063,-1.23033,0.94309
10.53680,-1.14416,0.90480
10.58468,-1.31650,0.82820
10.69000,-1.46012,0.78990
10.71872,-1.27820,0.72288
10.66127,-1.02927,0.75160
10.69000,-1.12501,0.85692
10.76659,-1.29735,0.98139
10.81447,-1.26863,1.01012
10.77617,-1.03884,0.92395
10.76659,-0.86650,1.01012
10.80489,-0.99097,1.12501
10.75702,-1.01012,1.19203
10.71872,-1.01969,1.10586
10.73787,-1.10586,0.93352
10.77617,-1.11544,0.88565
10.85276,-1.11544,0.89522
10.87191,-1.09629,1.00054
10.67085,-0.95267,1.01969
10.53680,-1.02927,0.94309
10.67085,-1.14416,0.91437
10.74744,-1.10586,0.87607
10.73787,-1.21118,0.82820
10.71872,-1.16331,0.84735
10.70915,-1.06756,0.90480
10.70915,-1.10586,0.81862
10.65170,-1.11544,0.71330
10.64212,-1.23033,0.73245
10.66127,-1.32608,0.78033
10.63255,-1.23991,0.78990
10.64212,-1.16331,0.78990
10.60383,-1.19203,0.73245
10.63255,-1.35480,0.74203
10.75702,-1.43140,0.80905
10.78574,-1.32608,0.80905
10.70915,-1.13459,0.79948
10.71872,-1.15373,0.81862
10.69957,-1.20161,0.77075
10.70915,-1.22076,0.72288
10.82404,-1.35480,0.69416
10.78574,-1.27820,0.72288
10.77617,-1.22076,0.78033
10.77617,-1.29735,0.76118
10.66127,-1.31650,0.69416
10.69000,-1.33565,0.60798
10.68042,-1.12501,0.62713
10.72829,-1.18246,0.72288
10.78574,-1.35480,0.83777
10.78574,-1.26863,0.89522
10.75702,-1.16331,0.82820
10.70915,-1.20161,0.69416
10.75702,-1.30693,0.65586
10.73787,-1.21118,0.60798
10.71872,-1.28778,0.64628
10.68042,-1.40267,0.68458
10.51765,-1.21118,0.64628
10.58468,-1.13459,0.59841
10.71872,-1.14416,0.65586
10.82404,-1.25905,0.72288
10.88149,-1.26863,0.74203
10.88149,-1.19203,0.73245
10.91979,-1.14416,0.73245
10.84319,-1.03884,0.71330
10.82404,-1.05799,0.71330
