-6.28570,0.33990,6.04633
-6.28570,0.50266,5.99846
-6.33357,0.48352,6.08463
-6.29527,0.27287,6.10378
-6.23783,0.11968,6.08463
-6.23783,0.20585,6.07506
-6.22825,0.31117,6.13251
-6.27612,0.33032,6.10378
-6.28570,0.28245,6.07506
-6.29527,0.31117,6.10378
-6.25697,0.44522,6.02719
-6.27612,0.53139,6.02719
-6.31442,0.36862,5.96016
-6.38144,0.17713,6.01761
-6.46762,0.11968,6.04633
-6.44847,0.32075,6.16123
-6.40059,0.54096,6.20910
-6.39102,0.50266,6.18995
-6.35272,0.33032,6.18038
-6.37187,0.20585,6.11336
-6.32400,0.17713,6.08463
-6.45804,0.31117,5.94102
-6.56336,0.27287,5.96974
-6.40059,0.38777,6.04633
-6.23783,0.70373,6.05591
-6.21868,0.68458,6.14208
-6.25697,0.19628,6.06548
-6.28570,-0.10053,5.87399
-6.23783,0.11011,5.91229
-6.09421,0.47394,6.18038
-6.06548,0.75160,6.32400
-6.22825,0.71330,6.20910
-6.30485,0.47394,6.03676
-6.21868,0.46437,5.81655
-6.18995,0.59841,5.94102
-6.27612,0.89522,6.10378
-6.41974,1.10586,6.19953
-6.59208,1.10586,6.12293
-6.68783,1.00054,5.96016
-6.74528,0.85692,5.93144
-6.74528,0.92395,6.03676
-6.76443,1.16331,5.93144
-6.85060,1.36437,5.73037
-7.03251,1.49842,5.48144
-7.00379,1.40267,5.54846
-6.85060,1.16331,5.77825
-6.92719,0.97182,5.75910
-7.11869,0.89522,5.93144
-7.06124,0.96224,5.86442
-7.01337,1.17288,5.51016
-6.80273,1.19203,5.52931
-6.63996,1.11544,5.38569
-6.71655,0.92395,5.16548
-6.77400,0.51224,5.12718
-6.52506,0.57926,5.33782
-6.44847,0.96224,5.58676
-6.38144,1.10586,5.55803
-6.41017,1.11544,5.39526
-6.46762,1.20161,5.11760
-6.45804,1.35480,4.96441
-6.44847,1.38352,5.03143
-6.42932,1.27820,5.28037
-6.35272,1.29735,5.38569
-6.43889,1.51757,5.22292
-6.56336,1.71863,5.15590
-6.58251,1.77608,5.37612
-6.54421,1.70906,5.47186
-6.56336,1.58459,5.40484
-6.58251,1.55587,5.22292
-6.69740,1.50799,5.13675
-6.76443,1.42182,5.35697
-6.69740,1.58459,5.51973
-6.66868,1.97715,5.50059
-6.71655,2.05374,5.49101
-6.77400,1.68034,5.36654
-6.85060,1.38352,5.29952
-6.94634,1.40267,5.28994
-6.90805,1.56544,5.44314
-6.86975,1.78566,5.51973
-7.08996,2.04417,5.35697
-7.45380,2.30268,5.15590
-7.89422,2.32183,5.40484
-8.21019,2.13034,5.54846
-8.15274,2.18779,5.49101
-8.21019,2.36013,5.36654
-8.39210,2.57077,5.54846
-8.94743,2.90588,5.60590
-9.22509,3.25056,5.13675
-8.63147,3.53780,5.01228
-8.25806,3.65269,5.00271
-8.63147,3.69099,4.64845
-9.00487,3.49950,4.24632
-8.85168,3.32716,4.28462
-8.46870,3.54737,4.37079
-8.40168,3.81546,4.50483
-8.32508,3.48035,4.85909
-8.18146,2.98248,4.70590
-8.42083,3.15482,4.29419
-8.34423,3.45163,4.24632
-8.07614,3.22184,4.34206
-8.51657,2.54205,4.12185
-9.28254,2.00587,3.77716
-9.13892,2.58034,3.31759
-8.14316,3.14524,3.41333
-7.43465,2.95375,3.87291
-7.91337,2.64737,4.01653
-8.81338,2.48460,3.88248
-8.62189,1.96757,4.19845
-7.88465,1.58459,4.35164
-7.22401,1.46012,4.34206
-7.11869,1.47927,4.16015
-7.21443,1.38352,4.19845
-6.05591,1.06756,4.77292
-4.51441,0.86650,5.12718
-3.72929,0.58884,5.37612
-3.01120,0.56969,5.61548
-1.99630,0.70373,5.86442
-1.04841,0.73245,5.60590
-0.79948,0.54096,4.92611
-0.41649,-0.38777,5.33782
1.22076,-1.94842,6.79315
2.84843,-1.41225,7.40592
3.22184,0.23458,7.76976
2.25481,1.12501,7.65486
1.22076,0.25373,7.04209
1.81438,-3.03992,8.31551
2.42715,-5.85484,10.26872
0.21543,-4.20802,10.71872
-2.17821,-1.29735,10.18254
-1.35480,-0.23458,9.83786
-0.73245,0.42607,9.88573
-1.43140,0.80905,9.71339
-1.60374,-0.08138,9.39743
-1.46012,-1.42182,9.11019
-1.18246,-2.11119,9.89531
-0.76118,-1.30693,10.62297
-0.95267,-1.19203,10.55595
-1.59416,-2.55162,9.60807
-1.07714,-3.33673,9.24424
-0.34947,-3.05907,9.79956
0.52181,-2.07289,10.28787
1.32608,-0.80905,9.69424
0.78990,-0.98139,8.58359
-1.03884,-3.31759,7.53039
-1.86225,-5.90272,6.63038
-0.68458,-6.66868,6.74528
0.56969,-5.16548,7.41550
-0.76118,-3.18354,7.31975
-3.54737,-2.69524,7.26230
-4.40909,-3.24099,7.53039
-2.81971,-3.03035,7.83678
-1.25905,-2.20694,7.97082
-2.05374,-0.80905,7.27188
-4.71547,0.10053,6.24740
-6.30485,0.17713,5.02186
-5.82612,-0.56969,4.11227
-4.71547,-1.73778,4.68675
-4.04525,-1.93885,5.32824
-4.95484,-0.11011,5.21335
-6.18995,2.26438,4.81122
-6.52506,4.13142,4.21759
-6.12293,3.95908,4.45696
-5.64420,1.97715,4.84952
-6.40059,1.31650,4.13142
-7.82720,2.87716,3.06865
-8.29636,4.41866,2.77184
-7.56869,4.79207,3.39418
-6.70698,4.35164,4.16015
-7.64529,3.67184,4.26547
-8.80381,3.87291,3.66227
-8.65062,4.83037,3.31759
-7.76018,6.06548,3.71972
-7.48252,6.78358,4.42823
-8.22934,6.81230,4.10270
-8.93785,6.57294,3.05907
-8.92828,6.40059,2.49417
-8.37295,6.42932,2.64737
-7.97082,6.00804,3.17397
-7.98040,5.72080,3.68142
-8.27721,6.28570,3.79631
-8.16231,7.09954,3.88248
-7.49209,5.81655,3.25056
-7.53039,4.07398,3.23141
-7.74103,2.81971,3.85376
-7.69316,2.85801,4.55270
-7.73146,3.79631,4.82079
-7.66444,4.16972,5.19420
-7.43465,3.92078,5.15590
-7.51124,3.31759,4.71547
-7.53997,2.50375,4.61972
-7.42507,1.91012,4.88781
-7.36762,1.85268,4.97398
-7.30060,2.44630,5.19420
-7.22401,2.92503,5.12718
-6.99422,2.92503,4.92611
-6.89847,2.52290,4.91654
-6.83145,1.99630,4.86866
-6.78358,2.07289,4.79207
-6.82187,2.77184,4.86866
