-7.72188,2.00587,2.88673
-7.76976,2.37928,2.85801
-7.77933,2.60907,2.93460
-7.73146,2.65694,2.87716
-7.70273,2.69524,2.80056
-7.70273,2.81013,2.80056
-7.76018,2.94418,2.86758
-7.79848,2.96333,2.82928
-7.70273,2.98248,2.77184
-7.56869,2.92503,2.73354
-7.61656,2.82928,2.72396
-7.72188,2.85801,2.73354
-7.70273,2.89630,2.77184
-7.60699,3.00162,2.81013
-7.55912,3.19312,2.97290
-7.62614,3.21226,3.04950
-7.74103,2.98248,2.91545
-7.68358,2.68566,2.63779
-7.56869,2.70481,2.55162
-7.61656,2.97290,2.66651
-7.85593,3.14524,2.93460
-8.05699,3.03035,3.13567
-7.95167,2.86758,3.03035
-7.90380,2.87716,2.66651
-7.97082,2.91545,2.55162
-7.97082,2.81971,2.67609
-7.96125,2.66651,2.77184
-8.14316,2.56120,2.76226
-8.25806,2.56120,2.67609
-8.32508,2.66651,2.56120
-8.31551,2.62822,2.58992
-8.05699,2.50375,2.81971
-7.73146,2.59949,2.91545
-7.68358,2.81971,2.79098
-7.87508,2.67609,2.60907
-7.94210,2.25481,2.36970
-7.76018,1.97715,2.31226
-7.62614,2.24523,2.42715
-7.70273,2.63779,2.58034
-7.76976,2.78141,2.66651
-7.79848,2.74311,2.66651
-7.77933,2.68566,2.77184
-7.75061,2.67609,2.81013
-7.85593,2.69524,2.79098
-7.93252,2.91545,2.84843
-7.93252,3.19312,2.87716
-7.89422,3.33673,2.81013
-8.12401,3.31759,2.62822
-8.43998,3.27929,2.46545
-8.52615,3.29844,2.37928
-8.67934,3.14524,2.29311
-9.25381,3.10694,2.18779
-10.01020,3.34631,2.07289
-10.27829,3.68142,1.92927
-9.97190,3.92078,1.79523
-9.66552,3.83461,1.87183
-9.67509,3.63355,1.82395
-9.91446,3.47078,1.47927
-9.95276,3.39418,1.31650
-9.80914,3.48993,1.16331
-9.74212,3.47078,1.23033
-9.56020,3.46120,1.80480
-9.50275,3.56652,2.08247
-9.71339,3.74844,1.85268
-9.80914,3.55695,1.46969
-9.47403,3.08780,1.11544
-9.30169,2.48460,1.07714
-9.50275,1.77608,1.39310
-9.56977,1.45055,1.79523
-9.13892,1.62289,2.14949
-8.45913,2.06332,2.43673
-7.94210,2.25481,2.49417
-7.66444,2.15906,2.40800
-7.61656,1.89098,2.26438
-7.42507,1.50799,2.34098
-6.70698,1.44097,2.67609
-6.17080,1.61331,3.03035
-5.95059,1.49842,3.54737
-5.62505,1.33565,4.04525
-5.02186,1.33565,4.22717
-4.46653,1.13459,4.61015
-4.47611,0.99097,4.83037
-4.96441,1.15373,4.77292
-4.69632,1.02927,5.21335
-3.75801,0.91437,5.92187
-3.29844,0.77075,6.25697
-3.26014,0.61756,6.19953
-3.12609,0.70373,5.87399
-2.97290,0.03351,5.74952
-2.36013,-0.54096,6.11336
-1.48884,-0.20585,6.26655
-0.84735,0.08138,6.23783
-0.29202,-0.38777,6.64953
0.51224,-0.74203,7.40592
0.83777,-0.56969,7.67401
0.22500,-0.93352,7.84635
-0.54096,-1.23033,8.61232
0.04309,-1.00054,9.84744
0.42607,-0.49309,10.59425
-0.34947,0.04309,10.89106
-0.41649,0.03351,11.41766
0.03351,0.28245,11.64745
0.10053,0.71330,11.50384
-0.46437,0.33990,11.32192
-0.45479,-0.68458,11.24532
-0.04309,-1.47927,11.08255
0.19628,-1.24948,11.10170
-0.37820,-1.16331,11.02511
-0.67501,-1.80480,10.91979
-0.17713,-2.02502,10.84319
0.12926,-1.52714,10.89106
0.35905,-0.70373,11.38894
0.22500,-0.34947,11.02511
-0.01436,-1.34523,10.58468
0.08138,-2.52290,10.15382
0.22500,-3.01120,10.39319
0.68458,-2.64737,10.82404
0.71330,-2.07289,10.29744
-0.23458,-2.29311,9.47403
-1.09629,-3.17397,9.18679
-1.01969,-3.95908,9.11019
-0.49309,-3.86334,9.27296
-0.66543,-2.86758,9.10062
-1.55587,-2.09204,8.44955
-2.47502,-1.48884,7.38677
-3.10694,-0.61756,6.85060
-3.42291,0.39734,6.71655
-4.19845,0.92395,6.49634
-4.79207,0.29202,6.23783
-4.50483,0.12926,5.93144
-4.38036,0.78033,5.53888
-4.95484,1.24948,5.20377
-5.44314,1.45055,4.82079
-5.49101,1.85268,4.43781
-5.35697,2.60907,4.30377
-5.64420,2.84843,3.88248
-6.58251,2.53247,3.20269
-7.10911,2.12077,2.99205
-7.10911,2.44630,2.86758
-6.86017,2.84843,2.83886
-6.72613,2.99205,2.70481
-7.09954,3.07822,2.35055
-7.53039,3.24099,1.89098
-7.56869,3.44205,1.75693
-7.48252,3.51865,1.52714
-7.37720,3.14524,1.27820
-7.49209,2.93460,1.23033
-7.76018,3.11652,1.00054
-8.23891,3.28886,0.79948
-8.35380,3.31759,0.85692
-8.21019,3.62397,0.94309
-8.16231,4.28462,0.85692
-8.42083,4.74419,0.43564
-8.72721,4.71547,0.02394
-8.87083,4.87824,-0.55054
-8.98573,5.22292,-0.94309
-8.88040,5.56761,-1.20161
-8.75594,5.89314,-1.41225
-8.68891,6.24740,-1.45055
-8.75594,6.86975,-1.30693
-8.78466,7.20486,-1.06756
-8.40168,7.08039,-0.56969
-8.10487,7.02294,-0.18670
-8.05699,6.95592,-0.01436
-8.00912,6.50591,0.12926
-7.83678,5.86442,0.53139
-7.65486,5.33782,0.74203
-7.76976,5.11760,0.66543
-7.65486,4.91654,0.93352
-7.52082,4.70590,1.31650
-7.67401,4.49526,1.54629
-7.83678,4.44738,1.52714
-7.90380,4.45696,1.32608
-7.86550,4.34206,1.08671
-7.75061,4.24632,1.10586
-7.70273,4.45696,1.15373
-7.78890,4.69632,1.25905
-7.97082,4.61015,1.31650
-8.03784,4.39951,1.42182
-8.06657,4.18887,1.65161
-7.98997,4.15057,1.74736
-7.94210,4.38994,1.68034
-7.83678,4.38036,1.59416
-7.74103,4.22717,1.33565
-7.76976,4.18887,1.13459
-7.82720,3.83461,1.10586
-7.76976,3.70057,1.20161
-7.83678,3.94951,1.43140
-7.84635,4.16015,1.64204
-7.76018,4.35164,1.69948
