9.95276,-2.30268,-3.07822
10.02935,-2.39843,-3.07822
10.07723,-2.53247,-3.25056
9.99105,-2.76226,-3.38461
9.95276,-2.92503,-3.46120
10.01978,-2.75269,-3.25056
10.00063,-2.32183,-3.19312
9.95276,-2.40800,-3.30801
9.86659,-2.84843,-3.36546
9.84744,-2.85801,-3.27929
9.97190,-2.62822,-3.31759
10.03893,-2.70481,-3.39418
9.98148,-2.72396,-3.42291
10.02935,-2.66651,-3.32716
10.12510,-2.57077,-3.16439
10.23042,-2.54205,-3.29844
10.31659,-2.65694,-3.44205
10.12510,-2.84843,-3.48035
9.93361,-2.80056,-3.34631
10.01978,-2.58992,-3.14524
10.07723,-2.49417,-3.23141
9.98148,-2.81971,-3.37503
9.86659,-3.11652,-3.36546
9.75169,-2.86758,-3.25056
9.95276,-2.60907,-3.16439
10.05808,-2.64737,-3.10694
9.96233,-2.60907,-3.10694
9.98148,-2.73354,-3.20269
10.01020,-2.84843,-3.25056
9.92403,-2.88673,-3.26971
9.96233,-2.77184,-3.28886
10.08680,-2.64737,-3.19312
9.99105,-2.58992,-3.19312
9.89531,-2.78141,-3.33673
9.84744,-2.87716,-3.30801
9.85701,-2.68566,-3.21226
10.02935,-2.58034,-3.21226
10.08680,-2.64737,-3.26014
9.96233,-2.69524,-3.40376
9.94318,-2.85801,-3.44205
10.01978,-2.90588,-3.42291
10.12510,-2.60907,-3.41333
10.30701,-2.88673,-3.71014
10.27829,-3.61440,-4.08355
10.19212,-4.07398,-4.13142
10.08680,-4.22717,-4.04525
9.96233,-4.16972,-3.98780
9.80914,-4.10270,-4.18887
9.98148,-4.51441,-4.71547
10.10595,-5.18462,-5.05058
10.01978,-5.91229,-4.93569
9.97190,-6.44847,-4.97398
10.12510,-7.14741,-5.41441
9.88573,-7.11869,-5.59633
9.80914,-6.73570,-5.47186
9.64637,-7.79848,-5.62505
9.71339,-8.76551,-6.25697
10.69957,-8.70806,-6.25697
10.51765,-8.11444,-5.08888
9.57935,-8.11444,-3.95908
9.32083,-7.90380,-3.46120
9.47403,-7.99955,-3.74844
9.46445,-9.30169,-4.18887
9.21551,-10.20169,-4.25589
9.20594,-9.34956,-3.97823
9.07190,-8.05699,-3.65269
8.36338,-8.01869,-3.85376
7.57826,-9.04317,-4.21759
7.20486,-10.02935,-4.83994
7.44422,-10.40276,-5.27080
7.93252,-10.27829,-5.12718
7.58784,-9.57935,-4.61972
7.43465,-8.61232,-3.90163
6.88890,-8.16231,-3.12609
6.18038,-8.30593,-2.74311
6.30485,-9.23466,-3.08780
6.43889,-9.56977,-2.95375
5.96974,-8.48785,-2.63779
5.22292,-7.76018,-2.30268
4.69632,-8.21976,-1.41225
4.09312,-8.60274,-1.08671
4.38036,-9.40700,-1.37395
4.74419,-9.73254,-1.46969
4.22717,-8.32508,0.32075
3.61440,-7.52082,1.22076
2.96333,-8.65062,1.00054
3.06865,-9.45488,1.04841
3.06865,-7.65486,1.41225
2.60907,-6.34315,2.00587
2.15906,-6.52506,2.16864
1.89098,-6.55379,2.12077
1.85268,-5.73037,2.52290
1.18246,-5.00271,2.83886
0.52181,-4.80164,2.74311
0.26330,-4.31334,3.10694
0.26330,-3.48993,3.53780
0.03351,-2.73354,3.79631
0.06223,-2.20694,3.36546
0.60798,-1.96757,3.32716
0.24415,-1.10586,3.95908
0.49309,-0.51224,4.82079
0.09096,-0.11011,4.90696
-0.00479,0.22500,4.95484
0.10053,1.16331,5.04101
0.90480,2.55162,5.42399
1.44097,3.62397,6.17080
1.90055,3.76759,6.37187
2.58992,3.33673,6.62081
3.43248,3.40376,7.86550
4.38036,4.28462,9.05275
4.26547,4.62930,9.60807
3.99738,4.44738,9.75169
4.04525,4.95484,9.95276
3.89206,5.46229,9.90488
3.30801,4.86866,9.83786
3.17397,3.44205,9.37828
3.33673,2.99205,9.08147
3.04950,4.06440,8.96658
2.47502,4.80164,8.83253
2.18779,4.46653,8.50700
2.43673,3.52823,8.00912
2.62822,3.13567,7.79848
2.83886,3.17397,7.70273
3.04950,3.72929,8.29636
2.74311,4.58143,8.74636
2.59949,4.98356,8.75594
3.17397,4.91654,8.81338
3.51865,4.38994,8.83253
3.60482,3.58567,8.76551
3.84419,3.06865,9.03360
4.02610,3.75801,9.44530
3.90163,4.57185,9.86659
3.81546,4.47611,10.05808
4.31334,3.80589,9.87616
4.38994,3.78674,9.66552
4.05483,4.16015,9.37828
3.92078,3.89206,9.24424
3.83461,3.65269,9.18679
3.66227,3.84419,9.23466
3.48035,4.03568,9.29211
3.49950,4.14100,9.01445
3.77716,3.69099,8.71764
3.66227,3.17397,8.60274
3.55695,3.15482,8.71764
3.59525,3.39418,8.79423
3.73887,3.31759,8.66019
3.86334,3.02077,8.54529
3.94951,2.92503,8.42083
3.86334,3.07822,8.54529
3.71014,3.13567,8.50700
3.74844,2.90588,8.37295
3.79631,2.87716,8.30593
3.63355,3.07822,8.28678
3.42291,3.18354,8.30593
3.53780,2.97290,8.24848
3.58567,2.83886,8.04742
3.39418,2.75269,8.08572
3.26014,2.90588,8.09529
3.28886,2.98248,8.03784
3.23141,2.91545,8.07614
3.24099,2.90588,8.28678
3.23141,3.06865,8.54529
3.20269,3.17397,8.74636
3.28886,3.07822,8.77508
3.48035,3.02077,8.70806
3.57610,2.89630,8.68891
3.39418,2.96333,8.78466
3.47078,3.03992,8.71764
3.62397,2.93460,8.50700
3.64312,2.70481,8.45913
3.65269,2.82928,8.59317
3.58567,3.21226,8.79423
3.64312,3.48035,8.86126
3.70057,3.42291,8.77508
3.70057,3.05907,8.65062
3.76759,2.69524,8.57402
3.69099,2.81971,8.56444
3.62397,3.05907,8.60274
3.62397,3.09737,8.61232
3.78674,3.08780,8.55487
