2.39843,-6.95592,3.66227
1.41225,-6.54421,3.65269
0.63671,-5.87399,3.79631
0.64628,-6.01761,3.81546
1.01969,-6.41017,2.71439
1.16331,-6.72613,1.20161
0.79948,-7.04209,0.14841
0.44522,-7.61656,-0.56011
0.39734,-8.04742,-0.79948
0.86650,-7.98997,-1.02927
1.44097,-7.35805,-1.72821
1.83353,-6.61123,-2.34098
2.16864,-6.36230,-2.98248
2.31226,-6.54421,-3.59525
2.52290,-7.19528,-4.38994
2.79098,-7.50167,-5.48144
3.23141,-7.52082,-6.39102
3.82504,-8.30593,-6.97507
3.80589,-8.44955,-7.33890
3.41333,-7.47294,-7.19528
3.64312,-7.63571,-6.75485
4.16015,-7.90380,-7.06124
4.69632,-8.29636,-7.64529
5.06973,-8.38253,-8.11444
5.27080,-7.46337,-8.48785
5.48144,-6.75485,-8.76551
5.72080,-6.59208,-8.47827
5.73995,-6.14208,-8.65062
6.02719,-6.26655,-8.48785
6.28570,-6.10378,-8.45913
6.65911,-5.96016,-7.99955
6.87932,-5.92187,-7.93252
6.93677,-6.04633,-7.72188
7.16656,-5.88357,-7.52082
7.76976,-5.38569,-7.73146
8.30593,-4.78249,-8.02827
9.02402,-5.42399,-7.72188
9.35913,-6.25697,-7.03251
9.38786,-6.34315,-6.59208
9.23466,-5.28037,-6.80273
9.27296,-4.73462,-6.90805
9.52190,-6.17080,-6.52506
9.49318,-6.28570,-6.84102
9.36871,-5.42399,-6.41974
9.56020,-5.01228,-5.37612
9.32083,-5.22292,-5.14633
9.03360,-4.88781,-5.00271
9.25381,-5.28994,-4.74419
9.33998,-6.37187,-5.29952
8.96658,-3.90163,-3.98780
9.32083,-4.70590,-3.90163
9.31126,-4.41866,-4.42823
9.68467,-4.31334,-4.36121
9.78041,-4.33249,-3.99738
9.46445,-4.58143,-4.16972
9.06232,-4.10270,-4.15057
9.48360,-3.54737,-3.56652
9.88573,-3.26971,-3.34631
9.80914,-3.19312,-3.54737
9.51233,-3.32716,-3.68142
9.47403,-3.89206,-3.87291
9.21551,-3.42291,-4.07398
9.44530,-2.79098,-3.60482
9.84744,-2.80056,-2.93460
9.80914,-3.15482,-3.45163
9.74212,-3.52823,-3.95908
9.63679,-3.51865,-4.16015
9.52190,-3.53780,-3.97823
9.44530,-3.49950,-3.72929
9.34956,-3.30801,-3.35588
9.24424,-2.48460,-3.41333
9.75169,-2.18779,-3.31759
10.28787,-1.91970,-3.21226
10.45063,-2.57077,-3.24099
9.77084,-3.64312,-3.47078
9.10062,-3.94951,-3.59525
9.15807,-3.98780,-3.69099
9.48360,-3.96866,-3.83461
9.77084,-3.39418,-3.53780
9.86659,-3.77716,-3.34631
9.68467,-3.86334,-3.56652
9.56020,-3.46120,-3.53780
9.80914,-3.50908,-3.54737
9.82829,-3.62397,-3.62397
9.66552,-3.75801,-3.58567
9.56977,-3.78674,-3.51865
9.52190,-3.17397,-3.57610
9.73254,-2.96333,-3.65269
9.81871,-3.11652,-3.75801
9.74212,-3.26014,-3.60482
9.63679,-3.46120,-3.58567
9.51233,-3.36546,-3.93993
9.65594,-3.03035,-3.75801
9.73254,-2.96333,-3.58567
9.74212,-3.27929,-3.46120
9.55062,-3.20269,-3.49950
9.56977,-3.03035,-3.60482
9.63679,-3.08780,-3.56652
9.62722,-3.23141,-3.42291
9.47403,-3.72929,-3.46120
9.39743,-3.76759,-3.58567
9.67509,-3.31759,-3.48035
9.84744,-3.32716,-3.61440
9.79956,-3.33673,-3.56652
9.70382,-3.37503,-3.31759
9.64637,-3.43248,-3.35588
9.75169,-3.32716,-3.36546
9.70382,-3.47078,-3.60482
9.56020,-3.60482,-3.68142
9.33998,-3.64312,-3.70057
9.39743,-3.48035,-3.68142
9.50275,-3.11652,-3.62397
9.67509,-3.16439,-3.50908
9.61765,-3.53780,-3.82504
9.59850,-3.77716,-3.88248
9.52190,-3.51865,-3.88248
9.63679,-3.18354,-3.57610
9.70382,-3.36546,-3.60482
9.62722,-3.64312,-3.98780
9.60807,-3.49950,-3.87291
9.62722,-3.04950,-3.63355
9.60807,-3.14524,-3.61440
9.48360,-3.44205,-3.63355
9.43573,-3.54737,-3.75801
9.56020,-3.53780,-3.69099
9.57935,-3.23141,-3.71972
9.68467,-3.15482,-3.49950
9.64637,-3.33673,-3.61440
9.54105,-3.43248,-3.64312
9.56977,-3.42291,-3.66227
9.64637,-3.53780,-3.70057
9.56020,-3.31759,-3.65269
9.59850,-3.40376,-3.59525
9.54105,-3.43248,-3.65269
9.58892,-3.42291,-3.78674
9.70382,-3.32716,-3.71014
9.64637,-3.35588,-3.64312
9.43573,-3.58567,-3.72929
9.42615,-3.40376,-3.50908
9.58892,-3.26014,-3.48993
9.66552,-3.24099,-3.66227
9.66552,-3.41333,-3.76759
9.65594,-3.48035,-3.59525
9.58892,-3.38461,-3.39418
9.55062,-3.44205,-3.51865
9.57935,-3.48993,-3.75801
9.63679,-3.59525,-3.71972
9.56020,-3.72929,-3.73887
9.39743,-3.63355,-3.65269
9.56020,-3.28886,-3.43248
9.63679,-3.41333,-3.60482
9.61765,-3.79631,-3.88248
9.54105,-3.95908,-3.92078
9.39743,-4.05483,-3.85376
9.44530,-3.96866,-3.70057
9.41658,-3.91121,-3.94951
9.44530,-4.24632,-4.21759
9.42615,-4.56228,-4.28462
9.33041,-4.73462,-4.43781
9.25381,-4.92611,-4.64845
9.07190,-5.14633,-4.91654
8.90913,-5.15590,-4.90696
8.66976,-5.45271,-4.94526
8.36338,-5.96016,-5.46229
8.42083,-5.90272,-5.66335
8.69849,-5.68250,-5.41441
8.90913,-5.84527,-5.29952
8.65062,-6.27612,-5.84527
8.29636,-6.77400,-6.30485
8.15274,-7.02294,-6.18038
8.02827,-6.64953,-6.18038
8.21019,-6.28570,-6.12293
8.34423,-6.36230,-6.38144
7.98040,-6.73570,-6.76443
7.43465,-7.01337,-6.84102
7.15698,-6.95592,-6.63038
7.06124,-6.63996,-6.77400
7.00379,-6.32400,-7.04209
6.90805,-6.41017,-7.19528
6.68783,-6.79315,-6.95592
6.18038,-6.93677,-6.67826
5.63463,-7.08996,-6.81230
5.51973,-6.91762,-7.13783
5.54846,-6.56336,-7.25273
5.54846,-6.27612,-7.13783
5.20377,-6.76443,-7.07081
4.54313,-6.85060,-6.93677
4.13142,-7.07081,-6.57294
3.96866,-7.71231,-6.81230
3.81546,-7.55912,-7.52082
3.62397,-7.37720,-7.45380
3.48035,-7.40592,-7.23358
3.33673,-7.28145,-6.83145
3.19312,-7.12826,-6.71655
3.11652,-7.76018,-6.90805
2.94418,-8.17189,-7.43465
2.58992,-8.10487,-7.26230
2.26438,-7.76018,-6.73570
2.07289,-7.58784,-6.40059
1.98672,-7.65486,-6.59208
1.89098,-7.87508,-6.50591
1.58459,-8.00912,-6.18995
1.22076,-8.37295,-5.99846
0.98139,-8.59317,-5.97931
0.77075,-8.53572,-5.85484
0.70373,-9.11977,-5.47186
0.58884,-9.39743,-5.37612
0.22500,-8.70806,-5.53888
-0.15798,-8.14316,-5.45271
-0.24415,-8.48785,-5.07930
-0.22500,-8.90913,-4.55270
-0.47394,-8.88998,-4.44738
-0.63671,-9.18679,-4.53355
-0.71330,-9.18679,-4.41866
-0.83777,-9.01445,-3.88248
-1.01969,-8.77508,-3.25056
-1.05799,-8.71764,-2.65694
-0.85692,-8.40168,-2.14949
-0.63671,-8.42083,-0.98139
-0.56969,-8.47827,-0.69416
-0.64628,-8.90913,-0.58884
-0.92395,-8.96658,-0.31117
-1.41225,-7.79848,-0.34947
-1.54629,-7.07081,-0.16755
-1.21118,-7.44422,1.10586
-0.78033,-7.76976,2.13034
-0.33990,-8.17189,2.51332
-0.33032,-7.38677,2.40800
-1.02927,-6.11336,2.39843
-1.44097,-5.27080,2.85801
-0.98139,-5.61548,4.24632
-0.17713,-6.23783,5.10803
0.12926,-5.74952,4.83037
-0.19628,-4.61972,4.34206
-0.49309,-3.89206,4.85909
-0.04309,-3.07822,6.06548
0.43564,-1.59416,6.62081
0.27287,0.12926,7.24300
-0.00479,1.29735,8.04742
0.13883,1.17288,8.45913
0.89522,-0.02394,8.27721
1.06756,-0.90480,7.48252
0.23458,-1.29735,6.34315
-0.42607,-1.54629,5.91229
0.00479,-1.40267,6.25697
0.89522,-0.65586,6.79315
0.98139,0.19628,7.72188
0.53139,0.72288,8.38253
0.30160,0.55054,8.37295
0.76118,-0.27287,7.99955
1.47927,-0.07181,7.97082
1.62289,0.96224,8.61232
1.43140,1.55587,9.23466
1.60374,0.97182,9.34956
2.24523,0.25373,9.76126
2.52290,0.86650,9.87616
2.24523,1.71863,9.90488
2.24523,1.69948,10.29744
2.57077,1.15373,10.34531
3.15482,0.83777,10.75702
2.92503,1.38352,11.27404
2.55162,1.54629,10.92936
2.65694,0.87607,10.37404
3.00162,0.38777,10.31659
2.95375,0.78033,10.48893
2.73354,1.25905,10.75702
2.83886,1.43140,10.68042
2.76226,1.35480,10.28787
2.57077,0.85692,9.96233
2.54205,0.29202,9.76126
2.69524,0.41649,9.60807
2.58992,1.18246,9.71339
2.36013,1.22076,9.94318
2.46545,0.72288,9.95276
2.55162,0.66543,9.53148
2.53247,0.93352,9.27296
2.55162,0.84735,9.16764
2.58034,0.46437,9.42615
2.52290,0.51224,9.33998
2.80056,0.49309,9.28254
2.56120,0.34947,9.19637
2.36970,0.02394,8.89955
2.59949,-0.19628,8.89955
2.71439,-0.05266,9.10062
2.58034,0.33032,9.32083
2.41758,0.52181,9.47403
2.39843,0.36862,9.53148
2.57077,0.22500,9.34956
2.66651,0.25373,9.22509
2.61864,0.34947,9.27296
2.49417,0.41649,9.56020
2.38885,0.36862,9.34956
2.51332,0.27287,9.21551
2.61864,0.44522,9.32083
2.50375,0.48352,9.49318
2.49417,0.18670,9.33041
2.54205,0.06223,9.08147
2.48460,0.01436,8.90913
2.60907,0.02394,9.14849
2.63779,0.17713,9.45488
2.61864,0.27287,9.50275
2.70481,0.32075,9.33041
2.65694,0.33990,9.29211
2.46545,0.24415,9.24424
2.45587,-0.00479,9.14849
2.60907,0.09096,9.27296
2.51332,0.46437,9.45488
2.56120,0.55054,9.47403
2.53247,0.30160,9.30169
2.45587,-0.11011,8.99530
2.58034,-0.13883,8.88998
2.46545,0.28245,8.99530
2.37928,0.47394,9.33041
2.33141,0.63671,9.36871
2.30268,0.30160,9.31126
2.50375,0.28245,9.28254
2.38885,0.57926,9.23466
2.29311,0.47394,9.24424
2.42715,0.10053,9.03360
2.50375,0.02394,8.87083
2.56120,0.49309,8.98573
2.53247,0.78033,9.40700
2.49417,0.59841,9.55062
2.58992,0.27287,9.36871
2.62822,0.28245,9.21551
2.54205,0.34947,9.11977
2.42715,0.08138,9.09104
2.50375,-0.26330,9.20594
2.69524,-0.20585,9.15807
2.67609,0.20585,9.21551
2.65694,0.56011,9.52190
2.60907,0.64628,9.78999
2.53247,0.43564,9.48360
2.62822,0.13883,9.17722
