7.520820 0.292020 7.597410
7.233580 -0.148410 7.224010
7.262300 -0.167550 6.821870
7.310180 0.129260 7.070810
7.386770 0.253730 7.396350
7.425070 0.186700 7.329330
7.501670 -0.244150 7.042090
7.626140 -0.359050 6.812300
7.846350 -0.445220 6.534640
7.769760 -0.339900 6.324000
7.693160 -0.205850 6.697400
7.817630 -0.100530 7.233580
7.932520 0.148410 6.908050
7.243150 -0.205850 6.649530
7.358050 0.043090 6.879320
7.549540 0.023940 7.233580
7.664440 -0.138830 7.271880
7.769760 -0.579260 7.329330
7.836780 -0.923950 7.042090
7.913370 -0.521810 7.520820
8.325080 0.923950 8.976150
9.052750 0.933520 10.125100
9.129340 -0.311170 9.684670
8.487850 -1.613310 9.646370
7.961250 -0.445220 11.570860
8.775080 1.507990 14.060240
9.397430 2.264380 14.969830
9.464450 0.473940 14.567690
9.225090 -1.689910 13.610240
8.966580 0.349470 14.835780
8.803810 -0.110110 14.682590
8.641040 -1.077140 14.366630
9.071900 -1.527140 14.960250
9.837860 -1.689910 14.481520
8.803810 -1.316500 13.638960
6.831450 -2.092040 13.169810
5.950590 -1.795230 11.685750
4.533550 0.722880 11.005960
3.154820 0.579260 10.239990
2.139910 -0.234580 8.822960
1.862250 -0.885650 8.238910
1.661190 -0.933520 8.401680
1.019690 -0.263300 6.841020
-0.253730 0.732450 5.328240
-0.770750 -0.531390 4.849520
-0.196280 -1.383520 3.872910
-0.272870 -0.502660 3.049500
-0.847350 -0.368620 2.532470
-1.421820 -0.550540 1.795230
-1.814380 -0.837770 0.703730
-1.661190 -0.301600 0.052660
-1.297350 -0.215430 -0.694160
-1.919700 -0.359050 -1.632460
-2.666510 -0.837770 -2.187790
-2.733540 -1.038840 -3.068650
-2.656940 -1.507990 -3.805890
-3.135670 -1.421820 -4.571850
-4.198450 -1.316500 -5.615480
-4.945260 -1.584590 -6.065480
-4.973980 -1.278200 -7.089960
-5.452710 -1.785660 -8.334650
-6.467620 -1.345230 -9.282540
-7.080390 -0.234580 -9.387860
-6.994220 1.105860 -8.832530
-6.879320 2.139910 -8.478270
-7.271880 2.312260 -8.564440
-7.750610 2.522900 -9.253810
-7.798480 3.049500 -8.439980
-7.319750 4.332490 -7.013370
-7.444220 4.935690 -5.443140
-7.855930 4.906960 -4.514410
-7.836780 3.987800 -4.351640
-7.741030 3.173970 -4.217590
-7.894220 2.953750 -4.045250
-8.124010 3.068650 -3.662270
-7.808050 2.810130 -3.135670
-7.741030 2.475020 -3.240990
-7.942100 1.919700 -3.671840
-8.200610 1.613310 -3.882480
-8.305930 1.986720 -3.968660
-8.248480 2.551620 -3.786740
-8.104870 3.001620 -3.528230
-7.817630 2.790980 -3.183540
-7.951670 2.532470 -2.972900
-7.894220 2.676090 -3.212260
-7.779330 2.618640 -2.982480
-7.788900 2.810130 -2.676090
-7.903800 3.126090 -2.398430
-7.913370 3.221840 -2.235660
-7.951670 3.135670 -2.503750
-8.095290 2.934600 -2.953750
-8.277210 2.819710 -3.068650
-8.286780 2.790980 -2.829280
