8.392100 -0.071810 5.806970
8.507000 -0.110110 5.883570
8.621890 -0.014360 5.979310
8.535720 0.138830 5.969740
8.535720 0.100530 5.998460
8.641040 0.033510 5.941020
8.727210 -0.033510 5.864420
8.621890 -0.119680 5.988890
8.554870 -0.043090 6.237830
8.593170 0.023940 6.209100
8.593170 0.023940 5.854840
8.593170 -0.071810 5.625050
8.660190 -0.368620 5.672930
8.966580 -0.751600 5.778250
8.947430 -0.607980 5.883570
9.071900 -0.722880 6.055910
9.378280 -0.521810 6.601660
9.483600 0.234580 7.741030
9.435730 0.665430 9.100620
9.608070 0.579260 10.431480
10.086800 0.770750 13.093210
11.235750 1.354800 15.065570
12.212350 2.656940 16.932610
13.744280 0.780330 17.976240
14.031520 0.282450 19.220930
13.782580 1.038840 19.594340
14.385780 1.890980 19.594340
16.415590 0.215430 19.594340
18.837950 -2.771840 19.594340
19.594340 -4.035680 18.952840
19.287950 -3.892060 17.937940
18.225180 -3.719720 16.185790
17.430490 -4.600580 12.873000
15.582600 -4.830370 9.148490
13.045340 -4.801640 5.912290
10.737870 -4.973980 3.126090
8.746360 -3.834610 -1.105860
6.237830 -2.714390 -2.963330
4.322910 -2.944180 -3.145240
3.365460 -3.231410 -3.777160
2.551620 -2.350550 -4.782490
1.632460 -1.795230 -5.270800
0.464370 -1.575020 -5.567610
-0.512240 -1.575020 -6.084630
-1.402670 -1.881400 -6.860170
-2.034590 -1.393100 -8.143160
-2.771840 -0.914370 -9.081470
-3.585670 -0.100530 -9.205940
-4.054830 0.818620 -8.995300
-4.523980 0.856920 -8.621890
-4.983560 0.694160 -8.535720
-5.251650 0.617560 -8.861260
-5.088880 2.082470 -9.205940
-5.194200 2.848430 -8.545290
-5.941020 3.173970 -7.674010
-6.314420 3.346310 -6.917620
-6.352720 3.892060 -6.151650
-6.381440 4.753770 -5.663350
-6.745280 4.887810 -5.462290
-6.697400 4.351640 -5.529310
-6.860170 3.729290 -5.289940
-7.128260 3.528230 -4.715470
-7.109110 3.461200 -4.112270
-7.099540 3.336730 -4.466530
-7.348470 3.049500 -4.916540
-7.463370 2.752690 -4.897390
-7.396350 2.676090 -4.945260
-7.348470 2.781410 -4.897390
-7.367620 2.867580 -4.772920
-7.367620 2.752690 -4.811220
-7.482520 2.733540 -4.935690
-7.539970 3.154820 -4.973980
-7.520820 3.394180 -4.859090
-7.568690 3.317590 -4.447380
-7.530390 3.193120 -4.188870
-7.453800 3.518650 -4.131420
-7.291030 3.825040 -4.188870
-7.233580 3.652690 -4.370790
-7.319750 3.394180 -4.543130
-7.348470 3.336730 -4.342060
-7.262300 3.432480 -4.073980
-7.166560 3.355880 -3.901630
-7.176130 3.039920 -3.920780
-7.137830 3.078220 -3.892060
-6.965490 3.327160 -3.863340
-6.850600 3.365460 -3.949510
-6.831450 3.365460 -4.102700
-7.051660 3.336730 -3.853760
-7.549540 3.135670 -3.537800
-7.721880 3.221840 -3.489930
-7.559120 3.652690 -3.566520
-7.712310 3.815460 -3.623970
-7.903800 3.863340 -3.537800
