6.975070 -0.473940 7.214430
7.061240 -0.320750 7.271880
7.204860 0.052660 7.568690
7.310180 0.148410 7.769760
7.233580 0.004790 7.635710
7.137830 -0.493090 7.358050
7.089960 -0.521810 7.224010
7.243150 -0.454790 7.233580
7.310180 -0.263300 7.291030
7.386770 -0.330320 7.300600
7.386770 -0.435640 7.147410
7.405920 -0.445220 7.224010
7.425070 -0.359050 7.386770
7.559120 -0.359050 7.539970
7.683580 -0.406920 7.645290
7.702730 -0.426070 7.932520
7.654860 0.023940 8.468700
7.817630 0.272870 8.928280
7.788900 -0.339900 8.928280
7.386770 -0.713300 9.043170
7.453800 -0.138830 10.584680
8.392100 0.866500 12.202780
8.822960 2.005870 13.255980
8.497420 1.326080 13.131510
8.124010 -1.000540 11.810220
8.028270 -2.293110 11.590010
7.817630 -0.809050 13.054910
8.133590 1.086710 14.653860
8.449550 1.440970 14.443220
7.712310 0.000000 13.313430
6.343150 -1.412250 12.681500
6.132510 -1.287780 13.351730
7.003790 -0.981390 13.868750
7.578260 -2.168640 13.303850
6.936770 -2.781410 12.624060
6.113360 -3.576100 12.068730
5.395260 -3.911210 11.379360
4.897390 -2.896300 10.555950
4.514410 -2.810130 9.502750
3.556950 -2.656940 8.803810
2.858010 -2.589920 8.210190
2.542050 -2.599490 6.965490
1.900550 -2.139910 5.787820
1.077140 -2.005870 4.351640
0.000000 -2.360130 2.877160
-1.077140 -1.804800 1.929270
-1.546290 -0.742030 1.421820
-1.948420 -0.167550 0.473940
-3.767590 -0.196280 -1.469690
-3.700570 0.138830 -2.302680
-3.930360 0.789900 -2.743110
-4.658020 1.239910 -2.762260
-5.462290 1.345230 -2.934600
-6.027190 2.034590 -3.260140
-6.027190 2.542050 -4.045250
-6.525060 2.254810 -4.725040
-7.147410 2.063320 -5.232500
-7.147410 1.680340 -5.337820
-6.946340 1.862250 -5.079300
-7.147410 1.651610 -4.954840
-7.425070 1.163310 -5.653780
-7.300600 1.201610 -5.806970
-7.166560 2.053740 -5.787820
-7.511240 2.790980 -5.854840
-7.492090 4.179300 -5.663350
-7.080390 5.012280 -5.242070
-7.300600 5.567610 -5.558030
-7.626140 5.778250 -5.902720
-7.578260 5.165480 -5.242070
-7.472940 4.945260 -4.026100
-7.243150 5.337820 -3.547370
-7.233580 4.562280 -3.403760
-7.511240 3.920780 -3.336730
-7.530390 4.035680 -3.068650
-7.262300 4.217590 -2.752690
-7.281450 3.930360 -2.781410
-7.348470 3.729290 -2.886730
-7.444220 3.700570 -2.896300
-7.367620 3.939930 -2.838860
-7.338900 3.911210 -2.896300
-7.300600 4.102700 -2.819710
-7.396350 4.246320 -2.771840
-7.568690 4.198450 -2.819710
-7.635710 3.997380 -2.934600
-7.626140 3.959080 -2.618640
-7.606990 3.997380 -2.340980
-7.741030 3.815460 -2.302680
-7.788900 3.671840 -2.273960
-7.750610 3.978230 -2.072890
-7.626140 4.131420 -1.843100
-7.875080 4.045250 -1.938850
-8.124010 3.882480 -2.053740
-8.238910 3.681420 -2.101620
