7.721880 -0.110110 6.687830
7.635710 -0.071810 6.678260
7.760180 0.062230 6.726130
7.932520 0.263300 6.850600
7.942100 0.339900 6.975070
7.855930 0.081380 6.869750
7.894220 -0.349470 6.649530
8.076140 -0.617560 6.869750
8.372950 -0.215430 7.530390
8.420830 0.847350 8.822960
8.679340 1.776080 9.818710
8.899550 1.747360 9.981480
8.641040 1.192030 9.722970
8.353800 1.488840 10.383610
8.372950 2.790980 11.293190
8.784660 2.264380 12.145330
8.755940 0.722880 11.992140
8.688910 -0.071810 12.394270
8.602740 0.895220 13.485770
8.612320 0.962240 13.916620
8.286780 0.502660 14.443220
7.932520 0.100530 14.491100
7.779330 -0.636710 14.290030
7.760180 -1.680340 14.127260
8.229340 -2.762260 13.878330
8.736790 -3.930360 13.571940
9.244240 -5.500590 13.964500
9.742120 -6.486770 14.424080
10.000630 -6.170800 14.280460
9.541050 -4.782490 13.552790
8.478270 -3.786740 11.858090
7.300600 -4.476110 10.517650
6.678260 -4.916540 9.024020
5.893140 -3.068650 7.061240
4.610150 -1.460120 4.906960
3.059070 -1.431400 3.039920
1.785660 -0.598410 1.115440
1.115440 0.119680 0.368620
1.096290 0.148410 0.062230
0.646280 -0.129260 -0.962240
-0.540960 0.694160 -1.871830
-1.335650 0.722880 -2.484600
-1.776080 0.330320 -2.896300
-1.929270 0.521810 -3.576100
-2.369700 0.675010 -4.227170
-3.279290 0.627130 -4.734620
-4.026100 0.809050 -5.529310
-4.552700 0.665430 -6.180380
-5.366540 1.345230 -6.783580
-5.902720 1.843100 -7.137830
-6.343150 2.455870 -7.645290
-6.601660 3.269710 -8.382530
-6.994220 3.844190 -8.526150
-7.463370 3.892060 -7.817630
-7.855930 4.064400 -7.434650
-7.989970 4.447380 -7.444220
-7.970820 4.868660 -7.300600
-7.865500 4.734620 -6.553790
-7.750610 4.083550 -5.941020
-7.769760 3.461200 -5.079300
-7.913370 3.422910 -4.131420
-7.808050 3.422910 -3.403760
-7.875080 3.145240 -3.068650
-7.970820 3.336730 -2.858010
-7.980400 2.992050 -2.551620
-8.066570 2.618640 -2.369700
-8.085720 2.503750 -2.273960
-8.018690 2.484600 -2.360130
-7.980400 2.522900 -2.436730
-7.999550 2.848430 -2.637790
-7.970820 2.819710 -2.666510
-7.942100 2.618640 -2.628220
-8.095290 2.666510 -2.656940
-8.114440 2.819710 -2.647370
-7.989970 3.001620 -2.829280
-7.980400 3.001620 -2.963330
-7.999550 3.336730 -2.963330
-8.018690 3.260140 -2.915450
-8.076140 2.972900 -3.039920
-8.009120 2.676090 -2.886730
-7.980400 2.963330 -3.068650
-7.989970 3.106940 -3.126090
-7.989970 3.260140 -3.020770
-7.970820 3.432480 -2.752690
-7.951670 3.154820 -2.503750
-8.018690 2.829280 -2.609070
-8.124010 2.704810 -2.609070
-8.085720 2.838860 -2.561200
-8.085720 2.867580 -2.704810
-8.133590 2.810130 -2.666510
-8.047420 3.078220 -2.637790
-7.999550 3.106940 -2.599490
-8.076140 2.877160 -2.647370
