7.434650 1.460120 7.003790
7.444220 1.718630 6.860170
7.587840 1.498420 6.879320
7.358050 0.971820 6.793150
7.281450 0.981390 6.726130
7.425070 1.105860 7.118690
7.578260 1.383520 7.319750
7.616560 1.431400 7.271880
7.444220 0.885650 6.860170
7.109110 0.607980 6.611230
7.224010 0.799480 6.898470
7.453800 1.450550 7.386770
7.683580 1.536720 7.559120
7.539970 1.201610 7.224010
7.281450 0.837770 6.812300
7.195280 1.316500 7.405920
7.463370 1.594160 7.961250
7.626140 1.278200 8.076140
7.444220 0.780330 7.894220
7.156980 0.818620 8.114440
7.511240 1.575020 8.842110
8.870830 2.580340 10.259140
9.464450 2.245230 11.350640
9.426150 1.153730 12.643210
9.608070 0.540960 12.547460
9.703820 1.479270 13.112360
9.971900 3.394180 15.371960
10.862340 3.116520 15.285790
10.977230 -0.186700 13.533640
9.799560 -0.426070 13.878330
9.895310 -0.081380 16.338990
9.943180 1.211180 15.659190
9.253810 1.450550 14.605990
8.957000 0.971820 13.543220
9.081470 -0.607980 12.279370
7.865500 -0.751600 11.197450
6.161230 -1.929270 9.521900
4.715470 -2.264380 7.760180
4.035680 -1.077140 7.022940
3.480350 0.033510 6.333570
2.666510 -0.856920 5.127180
1.421820 -0.799480 3.710140
0.646280 -1.498420 3.796310
0.301600 -1.651610 2.810130
-0.406920 0.330320 1.163310
-1.575020 0.464370 0.713300
-2.695240 -0.550540 0.205850
-3.537800 -0.512240 -0.148410
-3.700570 0.023940 -0.186700
-3.863340 1.029270 -1.067560
-4.686750 0.866500 -1.709060
-5.356970 -0.263300 -2.886730
-5.692080 0.081380 -3.317590
-5.672930 0.694160 -2.800560
-5.873990 1.546290 -2.743110
-6.391020 1.890980 -3.250560
-6.783580 1.756930 -4.131420
-7.204860 1.747360 -4.456960
-7.358050 2.197360 -4.591000
-7.606990 2.618640 -4.725050
-7.721880 3.078220 -5.203770
-7.731460 3.087800 -5.347390
-7.827200 3.269710 -5.672930
-7.961250 4.313340 -5.902720
-7.827200 4.667600 -5.921870
-7.894220 4.370790 -5.672930
-7.683580 4.447380 -5.155900
-7.731460 4.629300 -4.591000
-8.028270 4.715470 -4.102700
-7.884650 4.744190 -3.863340
-7.817630 4.169720 -3.221840
-7.798480 3.968660 -2.647370
-7.846350 3.901630 -2.015450
-7.932520 3.796310 -1.622890
-7.827200 3.815460 -1.747360
-7.875080 3.576100 -2.005870
-7.970820 3.643120 -1.958000
-7.961250 3.700570 -1.670760
-7.922950 3.480350 -1.517570
-7.922950 3.384610 -1.967570
-8.104870 3.279290 -2.216510
-8.133590 3.604820 -2.340980
-8.009120 3.949510 -2.245230
-7.846350 4.188870 -2.484600
-7.951670 3.595250 -2.254810
-8.095290 3.758010 -2.264380
-7.855930 4.246320 -2.235660
-7.817630 4.389940 -1.900550
-7.702730 3.968660 -1.507990
-7.712310 4.073980 -1.421000
-7.606990 4.294190 -1.402670
-7.683580 3.719720 -1.364370
-7.760180 3.671840 -1.373950
