5.907038459312 -0.070597814407 -1.252143707275
5.700388671871 -0.015372784407 -1.303819459495
5.493523958317 0.039921392521 -1.355815871097
5.286078261370 0.095404643050 -1.408664475425
5.077181575416 0.151367840581 -1.463588989842
4.864998962626 0.208445329367 -1.523029122345
4.646333178260 0.267818348174 -1.590721667130
4.417668211155 0.331085839183 -1.668744867235
4.182041662413 0.398511459575 -1.744161828701
3.969391461926 0.463083275470 -1.754547132018
3.863182056419 0.501443511729 -1.551578878102
3.970105538246 0.479963467165 -0.970689068234
4.304042019086 0.388860359696 -0.024562069460
4.765259196428 0.252899594790 1.097112673783
5.258798943740 0.096692432519 2.239561337313
5.754431254146 -0.080815443813 3.366493301038
6.271632376102 -0.318089838310 4.523380842447
6.859592689201 -0.717561273036 5.802622167529
7.561143158461 -1.471013388191 7.280809411136
8.296339028608 -2.731371747002 8.811751342422
8.787430752996 -4.241202007864 9.897165193697
8.859412108099 -5.452218713290 10.228900381560
8.639329078245 -6.189546460228 10.039495092462
8.303027528910 -6.613222041417 9.644637598848
7.936081237127 -6.887021439006 9.196638248637
7.565176778270 -7.097671313710 8.742448534894
7.196043673365 -7.282771387459 8.291857070818
6.828928103876 -7.457597743018 7.845074332552
6.463145260898 -7.628262626312 7.400767173030
6.098116329969 -7.797220537426 6.957850485561
