4.739007962495 -1.036025068725 1.281581584340
4.970032279180 -1.101276068777 1.377027268964
5.200927583540 -1.166920518302 1.472109192314
5.431657435060 -1.233028212691 1.566849637072
5.662198324513 -1.299682804350 1.661273590881
5.892553757697 -1.366988928997 1.755407725423
6.122782439058 -1.435078128553 1.849271679199
6.353047314219 -1.504100038650 1.942843349947
6.583672305353 -1.574161304492 2.035953497205
6.815112657958 -1.645138917977 2.128030403035
7.047561893848 -1.716298111143 2.217641364739
7.279777522591 -1.785868452803 2.302081545966
7.507354873235 -1.851377691501 2.378016863902
7.722795466117 -1.911799284445 2.444259768985
7.919867945306 -1.970167411547 2.504644700160
8.098309665708 -2.032624947301 2.566415015550
8.262547815591 -2.103807888545 2.635195138673
8.416998663159 -2.182520206811 2.711766431564
8.563499485632 -2.259493703763 2.791359846679
8.701621907604 -2.320148300980 2.865236611665
8.830453500430 -2.355102999563 2.926226827320
8.950141462260 -2.368024324921 2.973958612341
9.061980873218 -2.370112848375 3.013240348870
9.167704135573 -2.371053213672 3.049341613136
9.268966856089 -2.376369172399 3.085958933338
9.367108246262 -2.388895498728 3.125538131248
9.462994157362 -2.410491445416 3.170034848400
9.556862640061 -2.442942676196 3.221402210508
9.648158923631 -2.488157511858 3.281735977034
9.735415382514 -2.547757176150 3.353036533071
