6.879320 -1.010120 8.995300
7.013370 -0.981390 9.071900
6.850600 -1.220760 8.832530
6.659110 -1.316500 8.478270
6.429320 -1.431400 8.344230
6.285700 -1.211180 7.989970
6.333570 -1.402670 7.913370
6.343150 -1.756930 7.855930
6.802730 -1.125010 7.530390
6.850600 -1.077140 7.597410
6.869750 -1.048410 7.721880
7.003790 -1.326080 7.760180
7.109110 -1.345230 7.875080
7.204860 -1.211180 8.056990
7.405920 -1.153730 8.258060
7.549540 -1.268630 8.420830
7.329330 -1.057990 8.516570
7.176130 -1.192030 8.459130
6.314420 -1.929270 8.056990
6.438890 -1.431400 8.708060
6.831450 -1.029270 10.239990
7.415500 -0.435640 11.609150
8.478270 -1.278200 12.174050
8.870830 -2.369700 11.704900
8.095290 -2.628220 11.858090
7.051660 -1.881400 12.796400
7.128260 -0.493090 13.868750
7.511240 -0.301600 13.983640
7.233580 -1.115440 13.026190
6.735700 -2.944180 12.346400
6.362300 -3.059070 12.624060
6.735700 -1.948420 13.705980
6.477190 -0.531390 13.935770
5.443140 -0.215430 12.758100
4.006950 -0.598410 10.958080
2.829280 -0.560110 9.799560
2.149490 -0.464370 8.660190
1.670760 -0.837770 8.641040
1.421820 -0.493090 7.271880
0.655860 0.952670 6.314420
-0.253730 0.923950 5.414410
-1.134590 0.349470 4.763340
-1.498420 -0.090960 4.437810
-1.201610 0.359050 4.294190
-1.440970 0.320750 3.375030
-2.283530 0.569690 2.790980
-2.992050 0.397340 2.465450
-3.279290 0.521810 1.795230
-3.633550 1.029270 1.163310
-4.389940 1.182460 0.445220
-5.041010 2.072890 -0.320750
-5.347390 2.063320 -0.493090
-5.510160 2.216510 -0.617560
-5.787820 3.097370 -0.607980
-6.161230 3.059070 -0.828200
-6.659110 3.049500 -1.431400
-6.888900 3.317590 -2.034590
-6.841020 3.690990 -2.044170
-6.994220 4.141000 -2.283530
-7.185710 4.983560 -2.455870
-7.358050 4.973980 -2.771840
-7.396350 4.887810 -2.886730
-7.453800 5.069730 -2.838860
-7.348470 5.529310 -2.494170
-7.262300 5.443140 -1.737780
-7.329330 4.983560 -1.220760
-7.348470 4.514410 -1.354800
-7.482520 4.179300 -1.230330
-7.520820 4.600580 -1.278200
-7.606990 4.830370 -1.297350
-7.836780 4.332490 -1.440970
-7.932520 4.265470 -1.766510
-7.721880 4.227170 -1.507990
-7.836780 4.514410 -1.335650
-7.980400 5.500590 -0.981390
-7.817630 5.835700 -0.167550
-7.721880 5.203770 0.129260
-7.769760 4.399510 0.339900
-7.951670 4.370790 0.588840
-7.731460 4.619720 0.722880
-7.492090 4.667600 0.540960
-7.482520 4.322910 0.225000
-7.530390 4.227170 -0.023940
-7.559120 4.543130 -0.119680
-7.482520 4.744190 0.000000
-7.444220 4.792070 -0.167550
-7.520820 4.811220 -0.397340
-7.520820 4.964410 -0.416490
-7.520820 4.983560 -0.368620
-7.396350 4.744190 -0.110110
-7.329330 4.610150 0.004790
-7.405920 4.658020 0.282450
-7.587840 4.782490 0.464370
