7.606990 0.540960 7.492090
7.654860 0.675010 7.578260
7.683580 0.531390 7.674010
7.645290 0.387770 7.405920
7.674010 0.129260 7.300600
7.702730 -0.100530 7.099540
7.616560 -0.435640 7.003790
7.587840 -0.167550 7.358050
7.922950 0.186700 8.037840
7.989970 0.023940 8.248480
7.731460 -0.646280 7.779330
7.396350 -0.847350 7.903800
7.597410 0.110110 8.507000
8.056990 0.770750 8.966580
7.999550 0.464370 9.052750
7.712310 -0.215430 8.794230
7.520820 -0.579260 8.612320
7.750610 -0.426070 9.110190
8.430400 0.636710 10.220840
8.459130 1.163310 10.977230
7.961250 -0.272870 10.354890
7.760180 -1.431400 9.933610
8.258060 -0.780330 11.063400
8.928280 -0.023940 12.174050
8.736790 -0.033510 12.250650
8.219760 -1.527140 11.072980
7.377200 -2.331410 11.235750
7.425070 -1.029270 12.394270
7.913370 0.071810 13.485770
8.325080 -0.943090 12.786830
7.884650 -2.139910 11.714480
6.898470 -2.848430 11.254900
6.055910 -2.896300 11.609150
5.845270 -1.718630 12.068730
5.615480 -1.029270 11.829370
5.242070 -2.283530 11.341070
4.849520 -3.595250 9.215510
3.298440 -3.825040 8.143160
1.929270 -3.719720 7.855930
1.393100 -2.915450 6.525060
0.809050 -2.092040 6.142080
0.043090 -1.910120 6.256970
-0.531390 -1.613310 4.839940
-0.933520 -0.866500 3.805890
-1.402670 -1.584590 3.700570
-1.881400 -1.211180 3.059070
-2.436730 -0.684580 2.273960
-3.106940 -0.684580 1.776080
-3.375030 -0.761180 1.086710
-3.767590 -0.205850 -0.234580
-4.552700 0.119680 -0.799480
-4.744190 -0.062230 -1.402670
-4.658020 0.225000 -1.785660
-4.801640 0.311170 -1.728210
-4.983560 0.196280 -2.513320
-5.854840 0.454790 -3.528230
-6.735700 1.249480 -4.102700
-7.089960 1.967570 -4.217590
-7.214430 2.245230 -4.476110
-7.798480 2.666510 -4.686750
-8.248480 3.461200 -4.868660
-8.219760 4.006950 -5.366540
-8.439980 3.595250 -5.845270
-8.784660 3.719720 -6.553790
-8.861260 4.476110 -5.931440
-8.832530 5.136750 -4.954840
-8.746360 5.194200 -4.437810
-8.497420 4.648450 -4.284620
-8.344230 4.504830 -4.121850
-8.325080 4.131420 -3.154820
-8.152740 3.786740 -2.197360
-8.018690 3.643120 -1.680340
-7.942100 3.537800 -1.402670
-7.875080 3.595250 -1.498420
-7.568690 3.375030 -1.421820
-7.855930 2.838860 -1.651610
-7.913370 3.030350 -1.680340
-7.836780 3.279290 -1.239910
-7.894220 3.422910 -1.421820
-7.922950 3.461200 -1.795230
-7.798480 3.796310 -2.168640
-7.817630 3.585670 -2.312260
-8.114440 3.528230 -2.178210
-8.152740 3.604820 -1.728210
-7.970820 3.662270 -1.642040
-7.827200 3.633550 -1.986720
-7.970820 3.748440 -1.871830
-8.009120 3.901630 -1.393100
-7.980400 3.700570 -1.479270
-7.980400 3.614400 -1.642040
-7.846350 3.719720 -1.565440
-7.865500 3.872910 -1.632460
-7.903800 3.978230 -1.843100
