9.751690 -1.201610 4.188870
9.770840 -1.134590 4.236740
9.761260 -1.086710 4.255890
9.789990 -1.153730 4.303770
9.761260 -1.125010 4.294190
9.770840 -1.105860 4.236740
9.684670 -1.086710 4.236740
9.675090 -1.048410 4.246320
9.751690 -1.057990 4.208020
9.770840 -1.057990 4.131420
9.789990 -1.144160 4.102700
9.742120 -1.057990 4.150570
9.732540 -1.019690 4.208020
9.742120 -0.962240 4.265470
9.857010 -0.990970 4.418660
9.943180 -0.828200 4.648450
9.981480 -0.579260 5.136750
10.412330 -0.502660 6.132510
11.436810 -0.569690 7.003790
12.135760 -1.287780 7.185710
11.982560 -0.809050 7.693160
12.011290 -0.292020 8.478270
12.537890 -0.282450 9.282540
13.093210 -0.876070 9.205940
13.571940 -1.890980 9.043170
13.725130 -2.302680 9.531480
13.504920 -1.259050 11.063400
13.552790 -0.837770 12.413420
13.600660 -0.837770 12.154900
12.949590 -1.460120 11.944260
12.116610 -2.053740 12.288950
11.436810 -2.111190 12.384690
10.814470 -2.522900 12.767680
9.914460 -2.005870 11.781500
8.372950 -2.484600 11.111280
7.204860 -3.489930 10.919790
6.486770 -3.116520 10.268720
5.797400 -3.001620 9.809140
5.423990 -4.054830 8.238910
4.131420 -4.322910 5.960160
2.388850 -3.164390 5.328240
1.067560 -2.656940 5.404840
0.655860 -2.599490 5.270800
0.502660 -2.599490 4.964410
-0.272870 -3.154820 3.394180
-1.766510 -2.455870 1.402670
-3.154820 -2.551620 1.412250
-3.250560 -2.542050 1.584590
-2.992050 -1.172880 1.536720
-3.231410 -0.856920 1.890980
-3.767590 -0.780330 1.785660
-4.361210 -0.244150 0.847350
-5.002710 0.119680 -0.301600
-5.462290 0.311170 -0.579260
-5.299520 1.192030 -0.684580
-5.328240 1.507990 -0.598410
-5.893140 1.431400 -1.125010
-6.324000 1.680340 -1.910120
-6.266550 2.494170 -2.235660
-6.075060 2.972900 -2.465450
-6.419740 3.106940 -2.685660
-7.032510 2.896300 -2.340980
-7.080390 3.288860 -1.747360
-6.831450 3.825040 -1.440970
-6.965490 4.284620 -1.527140
-7.444220 4.677170 -2.092040
-7.635710 4.686750 -2.666510
-7.520820 4.370790 -2.877160
-7.358050 4.179300 -2.790980
-7.626140 4.313340 -2.254810
-7.760180 4.562280 -2.092040
-7.693160 4.648450 -2.340980
-7.396350 4.255890 -2.695240
-7.367620 3.758010 -2.532470
-7.271880 3.537800 -1.977150
-7.185710 3.700570 -1.402670
-7.425070 4.006950 -1.144160
-7.865500 4.380360 -1.230330
-8.085720 4.629300 -1.201610
-8.066570 4.552700 -1.048410
-8.124010 4.141000 -0.933520
-8.124010 3.767590 -0.962240
-8.124010 3.585670 -1.192030
-8.191040 3.432480 -1.345230
-8.296360 3.499500 -1.383520
-8.191040 3.815460 -1.316500
-8.018690 4.160150 -1.326080
-8.066570 3.987800 -1.383520
-8.133590 3.614400 -1.488840
-8.085720 3.432480 -1.766510
-8.018690 3.595250 -1.642040
-7.913370 3.834610 -1.182460
-7.903800 3.930360 -0.885650
