8.957000 0.090960 5.491010
8.957000 0.196280 5.548460
8.966580 0.129260 5.615480
9.024020 0.138830 5.615480
9.043170 0.196280 5.653780
9.014450 0.205850 5.644200
8.966580 0.119680 5.692080
8.928280 0.196280 5.739950
8.966580 0.301600 5.893140
8.937850 0.253730 6.075060
8.985730 0.454790 6.324000
9.148490 0.531390 6.697400
9.426150 0.253730 7.089960
9.722970 -0.215430 7.444220
9.818710 -0.033510 8.296360
9.904880 1.565440 10.067650
10.307010 3.384610 11.743200
11.503840 2.369700 11.992140
11.570860 0.454790 11.905970
11.149580 0.780330 12.949590
11.867670 1.737780 14.998550
13.169810 1.239910 15.831540
13.696410 0.397340 15.745360
13.878330 -0.665430 16.310270
14.280460 -0.703730 16.951760
15.123020 -1.172880 17.229420
14.883650 -0.904800 16.252820
13.275130 -1.057990 15.496430
12.260220 -1.718630 15.448550
12.317670 -1.958000 14.117690
11.436810 -1.890980 12.336820
9.751690 -2.934600 11.446390
8.880400 -4.332490 9.081470
7.204860 -2.197360 5.864420
5.146330 -1.938850 4.169720
3.643120 -2.446300 3.413330
3.317590 -2.771840 2.427150
3.556950 -2.484600 0.952670
3.059070 -2.494170 -0.598410
1.929270 -2.015450 -1.795230
1.057990 -1.699480 -2.810130
0.426070 -1.709060 -3.346310
0.148410 -2.168640 -3.346310
-0.052660 -2.369700 -3.738870
-1.096290 -2.082470 -4.476110
-2.168640 -1.115440 -4.983560
-2.762260 -1.153730 -5.471860
-3.240990 -1.153730 -6.017610
-3.786740 -0.933520 -6.764430
-4.734620 -0.761180 -7.051660
-5.500590 -0.426070 -7.137830
-6.055910 0.292020 -6.774000
-6.247400 1.440970 -6.630380
-6.400590 1.804800 -6.505910
-6.716550 2.340980 -6.706980
-6.946340 3.030350 -6.774000
-7.367620 3.518650 -6.505910
-7.654860 3.949510 -6.209100
-7.578260 4.514410 -5.816550
-7.233580 4.600580 -5.500590
-7.626140 4.705900 -5.672930
-8.095290 4.801640 -6.295270
-8.047420 4.026100 -7.118690
-7.875080 3.499500 -7.291030
-7.693160 3.652690 -6.189950
-7.674010 3.729290 -5.328240
-7.827200 3.212260 -5.376120
-7.712310 3.030350 -5.701650
-7.482520 3.020770 -5.481440
-7.262300 3.298440 -4.906960
-7.214430 3.135670 -4.658020
-7.377200 2.628220 -4.389940
-7.377200 2.455870 -3.968660
-7.233580 2.810130 -3.595250
-7.291030 3.375030 -3.461200
-7.549540 3.872910 -3.346310
-7.654860 3.499500 -3.413330
-7.875080 3.020770 -3.595250
-8.009120 3.001620 -3.537800
-7.970820 3.202690 -3.097370
-8.018690 3.039920 -2.963330
-7.999550 2.484600 -3.078220
-7.865500 2.111190 -3.202690
-8.037840 2.120770 -2.963330
-8.363380 2.216510 -2.570770
-8.430400 2.350550 -2.331410
-8.430400 2.647370 -2.130340
-8.430400 2.781410 -2.187790
-8.468700 2.408000 -2.101620
-8.526150 2.178210 -1.977150
-8.612320 2.159060 -2.072890
-8.621890 2.398430 -1.929270
-8.641040 3.059070 -1.507990
