6.291166289252 -1.690997143427 -0.221107072500
6.044583299953 -1.564253009902 -0.220022258688
5.797875637761 -1.437542096327 -0.218754667077
5.551029620726 -1.310868788124 -0.217280412405
5.304028838063 -1.184238438735 -0.215570566892
5.056853728815 -1.057657598348 -0.213590157599
4.809481067765 -0.931134330958 -0.211296891752
4.561883337061 -0.804678667052 -0.208639519950
4.314027954078 -0.678303270150 -0.205555706353
4.065876314879 -0.552024447293 -0.201969212513
3.817382597301 -0.425863720218 -0.197786106060
3.568492247784 -0.299850317701 -0.192889559387
3.319140052300 -0.174025186205 -0.187132581754
3.069247668668 -0.048447501656 -0.180327695020
2.818720487089 0.076794713239 -0.172232070800
2.567443715315 0.201567274181 -0.162525935462
2.315277711093 0.325661688244 -0.150781054662
2.062052916521 0.448749682163 -0.136414783678
1.807565486331 0.570310415048 -0.118623537626
1.551576191068 0.689515411758 -0.096287810451
1.293817981307 0.805049653526 -0.067839697309
1.034022565589 0.914839553855 -0.031084782367
0.771984566484 1.015652022396 0.017023548579
0.507694200503 1.102529773953 0.080641759841
0.241585405327 1.168050656340 0.165271158349
-0.025039507304 1.201470167276 0.277841595568
-0.289352087299 1.187967971748 0.426397020496
-0.546110178999 1.108508438103 0.618994370081
-0.786714799323 0.941202887966 0.861367245102
-0.998698349739 0.665260183136 1.153174412956
-1.166464002778 0.268014898567 1.483562363047
-1.274033192325 -0.246498505397 1.828243151580
-1.309579439272 -0.851795746874 2.151156677270
-1.269853946504 -1.501182359030 2.412145238433
-1.161809242965 -2.139100338513 2.577873638283
-1.000239520719 -2.716092482895 2.630176362024
-0.802981671964 -3.199396854108 2.567759688243
-0.586451463207 -3.575283876915 2.402000954075
-0.363228290764 -3.845016635400 2.150599735156
-0.141683301273 -4.018636166107 1.832308119566
0.073231980272 -4.109631538032 1.463905676616
0.278876537810 -4.131541923694 1.059092802629
0.473947032203 -4.096275271196 0.628520459706
0.657778845160 -4.013542168244 0.180307407463
0.829898109387 -3.890873731689 -0.279333320435
0.989753470074 -3.733880204008 -0.745526812859
1.136559547743 -3.546566496046 -1.214276820716
1.269202331544 -3.331622012529 -1.682109973560
1.386174561629 -3.090656166616 -2.145800602802
1.485522156500 -2.824375581283 -2.602149479018
1.564790650066 -2.532706878653 -3.047789558085
1.620963916281 -2.214867171511 -3.478987716848
1.650386061355 -1.869375781266 -3.891396529667
1.648650320437 -1.493986474208 -4.279675045486
1.610425462198 -1.085502729049 -4.636829537807
1.529174180478 -0.639431345687 -4.953012758043
1.396717235073 -0.149467026658 -5.213373698549
1.202665103393 0.393037483680 -5.394463599060
0.933994716718 0.999031835687 -5.459001528869
0.575673200644 1.679739218784 -5.350263909278
0.114242530394 2.440234104897 -4.991151608366
-0.453278482826 3.266779028340 -4.298738912679
-1.105922996052 4.111834914738 -3.225226068753
-1.790394750387 4.891853033728 -1.814305500961
-2.433095886373 5.514023342434 -0.222603061484
-2.971981582305 5.920479901451 1.337945797610
-3.382006915630 6.111191511534 2.697880593047
-3.673887107127 6.128670736468 3.783161572521
-3.875740430680 6.027527473541 4.600537212625
-4.016659194148 5.854084579742 5.196139310012
-4.119334767433 5.640487687958 5.623421189905
-4.199148027367 5.406663963020 5.928218926247
-4.265757474527 5.164221591421 6.145040362064
-4.324986891256 4.919768560757 6.298147849346
-4.380289107065 4.677162156766 6.403866842542
-4.433720328054 4.438901979000 6.472708021434
-4.486546335956 4.206981378905 6.510926257938
-4.539611493642 3.983445148146 6.521516187183
-4.593567712771 3.770822954908 6.504733018923
-4.649027559627 3.572556438339 6.458213691940
-4.706682863102 3.393513122688 6.376732577585
-4.767416356921 3.240673466031 6.251586173064
-4.832425368649 3.124075163711 6.069580370816
