4.007364955666 -0.948152124385 -0.003814471931
4.247879966898 -1.093594065403 -0.012928730154
4.488638461861 -1.237114533188 -0.021160172952
4.729688214742 -1.378618226092 -0.028398118504
4.971077870465 -1.518041967813 -0.034537520079
5.212855191588 -1.655361038374 -0.039483761604
5.455065155289 -1.790594048694 -0.043157467380
5.697748057937 -1.923805775648 -0.045498928799
5.940937814299 -2.055107533402 -0.046471743457
6.184660649962 -2.184654901934 -0.046065313151
6.428934376972 -2.312642935333 -0.044295956038
6.673768417011 -2.439299287222 -0.041206542180
6.919164701638 -2.564875972349 -0.036864739315
7.165119547120 -2.689640696561 -0.031360132369
7.411626585687 -2.813868819661 -0.024800637359
7.658680849342 -2.937837087313 -0.017308764967
7.906284159506 -3.061820338113 -0.009018425751
8.154452086786 -3.186092566678 -0.000073175339
8.403222909843 -3.310934171824 0.009372793228
8.652669167769 -3.436648193196 0.019148767213
8.902912330938 -3.563590172516 0.029053018171
9.154140067052 -3.692219245068 0.038823334928
9.406621625177 -3.823181837495 0.048082681373
9.660705794400 -3.957441299341 0.056247458153
9.916760348005 -4.096457894695 0.062390753476
10.174964294532 -4.242380430017 0.065082660231
10.434806368243 -4.398089193468 0.062317636942
10.694167909169 -4.566699335076 0.051812162146
10.948234408078 -4.749966186103 0.032101205054
11.189395200147 -4.945635379446 0.004469900777
11.409798384188 -5.145802544072 -0.025704907829
11.605929387101 -5.339520468277 -0.050620550935
11.780812961445 -5.518872239677 -0.064390840295
11.941200551402 -5.682689762312 -0.065931928732
12.093053975681 -5.835117685767 -0.058157173956
12.239219014178 -5.982126999876 -0.045558918907
12.379449281955 -6.129145340748 -0.032504456572
12.511289393912 -6.280169142252 -0.022598409631
12.630988558732 -6.437494991842 -0.018512975937
12.734443936078 -6.601415215537 -0.021770177979
12.818446847243 -6.769755270351 -0.032300611739
12.882264423130 -6.937630882728 -0.047967119319
12.928964983719 -7.098099946147 -0.064562991320
12.965391438887 -7.244065995933 -0.076769412808
13.000189434537 -7.370735715315 -0.079899245686
13.040822379650 -7.477122103074 -0.071441126526
13.091423929153 -7.565702054916 -0.051468947535
13.152465880658 -7.640805760988 -0.021934477675
13.221701636514 -7.706969761885 0.014409834809
13.295289515899 -7.767974951473 0.054811013187
13.368420192879 -7.826556103819 0.096864647414
13.435343989715 -7.884450831866 0.138547597188
13.489003307579 -7.942489952189 0.178130842630
13.520597594411 -8.000570295307 0.214122479677
13.519514629044 -8.057479843238 0.245336423497
13.474191647095 -8.110668689557 0.271133135846
13.374435909562 -8.156199664390 0.291797438017
13.215146510627 -8.189207848468 0.308876419169
13.000057251223 -8.205062578099 0.325164343404
12.742921085288 -8.200929744540 0.344089557607
12.464293388202 -8.176887758725 0.368651332859
12.185120800812 -8.135838470496 0.400481309678
11.920862926560 -8.082299276372 0.439560924903
11.679063568180 -8.020909774927 0.484617577887
11.460380791299 -7.955422609380 0.533805178072
11.261225476262 -7.888379192114 0.585279153732
11.076292678114 -7.821249507581 0.637513655470
10.900245043205 -7.754742890912 0.689397251252
10.728547366087 -7.689105961294 0.740202232474
10.557725391410 -7.624340630179 0.789505270941
10.385318452329 -7.560340445262 0.837102962788
10.209707121647 -7.496966113109 0.882940250084
10.029914678369 -7.434082379032 0.927055968121
9.845427172857 -7.371572913653 0.969543976710
9.656047227027 -7.309343876041 1.010526626722
9.461782548980 -7.247322330535 1.050137324053
9.262764462851 -7.185452802358 1.088509523325
9.059190243235 -7.123693563491 1.125770130084
8.851283354434 -7.062013319417 1.162035847422
8.639266655315 -7.000388502741 1.197411435830
8.423344699895 -6.938801167168 1.231989174708
8.203692221438 -6.877237393456 1.265849043126
7.980446665819 -6.815686100018 1.299059298622
