10.335740 -2.771840 -0.253730
10.316590 -2.800560 -0.272870
10.316590 -2.714390 -0.263300
10.287870 -2.628220 -0.244150
10.287870 -2.647370 -0.263300
10.297440 -2.695240 -0.301600
10.354890 -2.733540 -0.330320
10.326160 -2.743110 -0.339900
10.297440 -2.666510 -0.292020
10.287870 -2.656940 -0.282450
10.278290 -2.685660 -0.292020
10.249570 -2.723960 -0.292020
10.220840 -2.704810 -0.263300
10.230420 -2.647370 -0.292020
10.259140 -2.666510 -0.311170
10.316590 -2.771840 -0.292020
10.316590 -2.762260 -0.244150
10.278290 -2.714390 -0.196280
10.249570 -2.723960 -0.215430
10.268720 -2.733540 -0.225000
10.278290 -2.752690 -0.263300
10.239990 -2.771840 -0.320750
10.249570 -2.752690 -0.301600
10.287870 -2.723960 -0.311170
10.278290 -2.733540 -0.330320
10.230420 -2.790980 -0.272870
10.211270 -2.790980 -0.186700
10.259140 -2.733540 -0.215430
10.287870 -2.762260 -0.272870
10.316590 -2.800560 -0.301600
10.239990 -2.810130 -0.282450
10.115520 -2.743110 -0.157980
9.866590 -2.762260 0.521810
9.732540 -2.992050 1.536720
9.818710 -3.298440 2.226090
9.751690 -3.729290 2.312260
9.694240 -4.772920 2.743110
9.560200 -6.391020 3.049500
9.761260 -8.449550 3.978230
10.824040 -9.205940 5.739950
11.130430 -8.803810 6.161230
11.455960 -10.536800 5.625050
12.825120 -14.175140 6.065480
14.060240 -16.894310 6.285700
15.266640 -17.842190 5.491010
17.037930 -17.698570 3.652690
18.512410 -18.148580 1.661190
19.383700 -18.560290 -0.110110
19.594340 -18.742200 -2.398430
19.594340 -18.263470 -4.389940
19.594340 -17.248570 -5.787820
19.594340 -17.028360 -7.061240
19.594340 -16.884740 -7.760180
19.594340 -15.659190 -8.420830
19.594340 -12.729380 -8.248480
19.594340 -9.292110 -8.056990
19.594340 -6.630380 -8.124010
18.349650 -4.849520 -7.769760
16.032600 -3.930360 -6.505910
14.337900 -3.030350 -5.203770
12.758100 -1.938850 -4.141000
11.025110 -0.646280 -3.528230
9.636790 -0.426070 -3.193120
8.679340 -0.215430 -3.097370
7.875080 -0.004790 -2.743110
7.042090 0.071810 -2.494170
6.419740 -0.378200 -2.072890
6.132510 -0.904800 -1.153730
6.113360 -0.847350 0.339900
6.544210 -0.684580 3.087800
7.099540 -0.445220 6.055910
7.252730 -0.646280 9.014450
7.492090 -1.421820 11.944260
7.291030 -1.996300 15.458130
6.802730 -2.111190 14.031520
10.986810 1.335650 18.378370
15.745360 6.419740 19.594340
3.394180 -1.201610 12.528310
0.627130 -13.514490 5.108030
-4.658020 -10.287870 2.944180
-5.912290 -4.006950 3.786740
-1.958000 -3.011200 8.152740
1.603740 -1.814380 10.747440
1.661190 -0.847350 11.130430
2.178210 -1.661190 9.809140
2.656940 -3.556950 7.635710
2.455870 -4.504830 5.491010
1.919700 -4.485680 4.073980
0.962240 -3.710140 3.059070
0.311170 -2.302680 2.494170
0.818620 -1.192030 2.379280
2.139910 -1.096290 2.120770
2.532470 -1.977150 1.335650
1.776080 -3.489930 -0.378200
1.230330 -5.002710 -2.206940
1.412250 -5.672930 -2.704810
2.101620 -4.839940 -2.005870
2.829280 -4.514410 -1.278200
3.298440 -6.094210 -2.283530
4.322910 -9.081470 -3.394180
5.826120 -9.703820 -3.671840
6.706980 -7.875080 -3.164390
7.329330 -7.281450 -2.637790
7.903800 -8.238910 -3.250560
9.301690 -11.293190 -3.681420
11.484690 -14.443220 -3.193120
11.771920 -13.782580 -3.116520
10.718720 -11.685750 -3.700570
10.000630 -10.105950 -4.533550
11.331490 -9.895310 -2.867580
13.725130 -11.226170 -0.885650
13.744280 -12.001710 -0.742030
12.461290 -11.072980 -1.239910
12.365540 -9.675090 -1.728210
12.710230 -8.947430 -2.197360
12.604910 -9.502750 -1.938850
12.777250 -10.086800 -1.393100
13.121940 -10.086800 -0.933520
12.930440 -9.435730 -1.029270
12.384690 -8.928280 -1.259050
12.078310 -8.966580 -1.010120
12.097460 -8.928280 -0.167550
12.193200 -8.353800 0.464370
11.992140 -7.396350 0.521810
11.704900 -6.869750 0.397340
11.417660 -7.061240 0.904800
11.053830 -7.003790 1.958000
10.785740 -5.941020 2.101620
10.546380 -4.629300 1.651610
10.690000 -4.217590 1.086710
11.178300 -4.437810 0.081380
11.408090 -5.701650 2.111190
11.331490 -6.084630 2.388850
10.000630 -4.667600 0.866500
9.703820 -4.246320 -0.004790
10.316590 -4.523980 0.722880
10.287870 -3.308010 1.249480
10.096370 -2.092040 1.211180
10.220840 -1.852680 0.713300
10.364460 -2.187790 0.062230
10.354890 -2.589920 -0.426070
10.316590 -2.589920 -0.780330
10.307010 -2.398430 -1.086710
10.441060 -2.273960 -1.287780
10.613400 -2.321830 -1.287780
10.642120 -2.427150 -1.249480
10.527230 -2.513320 -1.230330
