10.249570 -3.442050 -0.445220
10.297440 -3.489930 -0.540960
10.268720 -3.537800 -0.636710
10.153820 -3.489930 -0.713300
10.019780 -3.327160 -0.713300
9.991050 -3.173970 -0.703730
10.010200 -3.059070 -0.713300
10.048500 -3.030350 -0.694160
10.163400 -3.059070 -0.598410
10.287870 -3.039920 -0.483520
10.326160 -3.011200 -0.416490
10.326160 -2.953750 -0.368620
10.316590 -2.877160 -0.244150
10.287870 -2.877160 -0.196280
10.259140 -2.886730 -0.148410
10.201690 -2.752690 -0.196280
10.182540 -2.714390 -0.186700
10.153820 -2.733540 -0.263300
10.182540 -2.810130 -0.368620
10.163400 -2.886730 -0.406920
10.096370 -2.934600 -0.397340
10.029350 -3.011200 -0.406920
10.010200 -3.212260 -0.435640
10.019780 -3.346310 -0.464370
10.067650 -3.432480 -0.502660
10.134670 -3.509080 -0.483520
10.153820 -3.614400 -0.454790
10.105950 -3.662270 -0.445220
10.077230 -3.614400 -0.473940
10.125100 -3.556950 -0.483520
10.153820 -3.461200 -0.493090
10.125100 -3.355880 -0.473940
10.096370 -3.154820 -0.263300
10.144250 -3.011200 0.579260
10.077230 -2.944180 1.488840
9.837860 -2.992050 1.201610
9.052750 -4.006950 0.923950
9.225090 -7.425070 3.796310
10.421910 -11.072980 6.343150
10.699570 -13.409170 5.558030
10.690000 -11.838940 4.514410
11.561280 -10.153820 5.529310
12.930440 -12.758100 6.199530
13.648540 -15.381530 4.945260
14.519820 -16.003880 2.379280
14.491100 -17.057080 -0.445220
14.998550 -18.273050 -1.766510
16.042180 -17.258140 -1.977150
16.511330 -15.936860 -2.695240
16.578350 -15.142170 -4.150570
17.143250 -14.404930 -5.778250
17.545380 -14.529390 -7.865500
17.756020 -15.228340 -8.851680
17.947510 -14.366630 -8.660190
18.014540 -12.442140 -7.836780
17.890070 -10.776170 -7.511240
16.721970 -8.880400 -7.262300
15.257060 -7.568690 -6.668680
14.041090 -6.716550 -6.103780
12.892150 -6.046330 -5.759100
11.934690 -5.337820 -5.222920
10.852760 -4.045250 -4.638870
9.608070 -3.164390 -3.949510
8.411250 -2.254810 -3.346310
7.377200 -2.235660 -3.039920
6.496340 -2.168640 -2.867580
5.854840 -1.766510 -2.331410
5.471860 -1.479270 -1.431400
5.586760 -1.689910 -0.215430
5.960160 -1.900550 1.057990
5.644200 -1.776080 1.996300
4.859090 -1.354800 2.858010
4.370790 -0.646280 3.911210
4.504830 -0.100530 5.768670
5.548460 -0.253730 8.487850
6.563360 -1.287780 10.891060
6.122930 -1.622890 12.873000
5.950590 -0.196280 13.342150
10.067650 3.126090 18.866670
16.626230 7.348470 19.594340
6.467620 -3.863340 13.840030
3.116520 -15.678340 6.745280
-1.421820 -8.507000 3.537800
-2.781410 -0.876070 3.729290
1.431400 -0.531390 7.626140
4.131420 -0.598410 9.426150
3.068650 -1.249480 8.765510
2.982480 -3.279290 6.611230
3.882480 -5.510160 4.466530
4.121850 -6.620810 2.408000
3.154820 -6.898470 0.914370
1.421820 -6.276120 0.560110
0.157980 -4.581430 0.818620
0.473940 -3.671840 0.540960
2.111190 -4.648450 -0.253730
2.886730 -5.347390 -1.412250
2.216510 -5.883570 -2.475020
1.230330 -6.304850 -3.461200
1.268630 -7.252730 -4.026100
2.925030 -8.660190 -4.370790
4.332490 -9.464450 -4.236740
3.748440 -8.056990 -4.083550
2.245230 -6.486770 -3.815460
2.819710 -7.693160 -2.819710
5.816550 -10.498510 -2.388850
8.679340 -13.141090 -3.518650
9.158070 -12.786830 -4.504830
8.133590 -11.101700 -4.255890
7.635710 -10.929360 -2.360130
8.420830 -12.308100 -1.575020
8.966580 -13.323000 -2.417580
8.870830 -12.384690 -3.164390
8.947430 -11.350640 -3.059070
9.493180 -11.733620 -2.408000
9.454880 -11.934690 -1.795230
9.339980 -11.408090 -1.153730
9.789990 -11.101700 -0.761180
10.287870 -10.393190 -0.531390
10.661270 -9.435730 -0.454790
10.680420 -8.966580 -0.713300
10.297440 -8.708060 -0.703730
10.555950 -8.392100 -0.349470
11.044250 -7.961250 -0.090960
11.235750 -7.511240 -0.138830
11.207020 -7.338900 -0.445220
11.044250 -7.042090 -0.655860
10.919790 -6.324000 -0.770750
11.005960 -6.170800 -0.454790
11.111280 -6.391020 -0.110110
10.938940 -5.969740 0.090960
10.737870 -5.203770 0.263300
10.766590 -4.447380 0.435640
10.690000 -4.313340 0.579260
10.488930 -4.581430 0.493090
10.316590 -4.715470 0.397340
10.192120 -4.600580 0.301600
10.249570 -4.208020 0.196280
10.163400 -3.805890 0.110110
10.144250 -3.671840 0.110110
10.239990 -3.748440 0.000000
10.335740 -3.652690 -0.339900
10.460210 -3.528230 -0.081380
10.632550 -3.116520 1.297350
10.776170 -2.790980 2.254810
10.622970 -2.111190 1.479270
10.488930 -2.063320 0.732450
10.508080 -2.800560 0.368620
