10.144250 -3.059070 -0.694160
10.220840 -3.001620 -0.617560
10.230420 -3.049500 -0.493090
10.172970 -3.059070 -0.473940
10.192120 -2.972900 -0.378200
10.172970 -2.810130 -0.368620
10.259140 -2.771840 -0.349470
10.259140 -2.790980 -0.311170
10.144250 -2.829280 -0.311170
10.134670 -2.790980 -0.311170
10.096370 -2.829280 -0.349470
10.115520 -2.877160 -0.349470
10.172970 -2.953750 -0.378200
10.086800 -3.039920 -0.426070
10.029350 -3.183540 -0.483520
10.038930 -3.327160 -0.493090
10.077230 -3.394180 -0.540960
10.096370 -3.442050 -0.521810
10.105950 -3.518650 -0.493090
10.038930 -3.566520 -0.493090
10.019780 -3.499500 -0.473940
10.038930 -3.451630 -0.473940
10.029350 -3.260140 -0.464370
10.163400 -3.212260 -0.368620
10.220840 -3.212260 -0.234580
9.837860 -3.288860 0.119680
9.407000 -3.384610 0.675010
8.995300 -4.035680 2.159060
9.541050 -5.404840 3.863340
9.943180 -7.013370 4.198450
10.690000 -9.454880 3.690990
11.465540 -11.111280 3.566520
11.695330 -12.815550 3.269710
11.934690 -13.849600 2.293110
12.691080 -13.840030 1.958000
13.504920 -14.337900 1.948420
13.811300 -15.467700 1.622890
14.041090 -16.137920 0.023940
14.701740 -16.386860 -1.747360
15.525150 -17.114530 -3.614400
16.463460 -17.679430 -5.711230
17.593250 -17.641130 -6.716550
18.933690 -17.449640 -7.913370
18.703900 -16.090050 -9.895310
17.449640 -15.343230 -9.368710
16.817710 -15.103870 -7.089960
15.984730 -12.901720 -6.333570
15.170890 -10.766590 -6.228250
14.328330 -8.554870 -6.391020
12.557040 -5.835700 -6.381440
10.804890 -4.533550 -5.510160
9.665520 -3.585670 -4.476110
8.947430 -2.982480 -3.767590
8.229340 -2.398430 -3.604820
7.252730 -1.297350 -3.748440
6.132510 -0.598410 -3.662270
5.050580 -0.023940 -3.212260
4.552700 0.004790 -2.197360
4.552700 -0.349470 -1.622890
4.619720 -1.364370 -0.952670
4.495260 -1.910120 0.454790
4.772920 -3.087800 2.714390
4.820790 -3.489930 4.035680
4.006950 -3.240990 6.505910
3.690990 -2.561200 10.642120
4.303770 -3.442050 14.902800
3.825040 -2.168640 11.072980
6.371870 -3.710140 18.665610
10.182540 -3.365460 19.594340
-0.110110 -5.251650 14.127260
-1.000540 -10.498510 5.289940
-3.269710 -8.056990 2.178210
-2.723960 -5.146330 2.982480
0.962240 -3.394180 6.534640
2.092040 -1.546290 8.334650
1.259050 -1.421820 7.626140
1.383520 -3.738870 5.280370
2.340980 -6.486770 2.647370
2.685660 -7.664440 0.531390
2.044170 -6.860170 -0.502660
0.655860 -5.117600 -0.655860
-0.473940 -4.121850 -0.981390
-0.244150 -5.242070 -1.996300
1.316500 -6.429320 -2.465450
2.925030 -6.429320 -2.388850
0.636710 -5.778250 -3.221840
-0.483520 -5.873990 -3.796310
0.990970 -7.061240 -3.595250
3.825040 -7.731460 -2.934600
5.663350 -8.439980 -2.915450
5.768670 -9.004870 -3.853760
4.868660 -8.832530 -4.753770
5.213350 -9.426150 -5.069730
6.515490 -10.192120 -5.395260
7.635710 -10.948510 -5.816550
8.526150 -11.503840 -5.988890
9.148490 -11.072980 -5.423990
10.067650 -11.829370 -4.906960
10.364460 -12.422990 -4.600580
9.799560 -12.269800 -5.347390
9.378280 -11.475110 -5.232500
9.981480 -11.254900 -3.930360
10.527230 -10.594250 -2.427150
10.469780 -9.454880 -1.747360
10.125100 -8.124010 -1.996300
9.991050 -7.195280 -2.321830
10.642120 -7.980400 -1.871830
11.207020 -9.282540 -1.364370
11.101700 -9.397430 -1.029270
10.709150 -8.296360 -0.818620
10.527230 -6.984640 -0.521810
10.469780 -6.113360 -0.339900
10.354890 -5.988890 -0.445220
10.374040 -6.314420 -0.607980
10.345310 -6.295270 -0.464370
10.479360 -6.103780 0.004790
10.661270 -5.682500 0.100530
10.546380 -4.926110 -0.138830
10.182540 -3.853760 -0.263300
10.058080 -3.336730 -0.205850
10.259140 -3.671840 -0.225000
10.316590 -4.332490 -0.416490
10.220840 -4.792070 -0.684580
10.220840 -4.744190 -0.866500
10.354890 -4.332490 -0.943090
10.364460 -3.959080 -0.876070
10.316590 -3.959080 -0.751600
10.316590 -4.112270 -0.684580
10.469780 -4.073980 -0.751600
10.795320 -3.825040 -0.292020
10.833610 -3.643120 0.454790
10.603830 -3.547370 1.125010
10.172970 -2.762260 1.230330
10.029350 -1.996300 0.655860
9.952760 -2.159060 0.157980
10.038930 -2.838860 -0.225000
10.259140 -3.288860 -0.914370
10.307010 -3.375030 -1.182460
10.316590 -3.202690 -1.287780
10.278290 -3.087800 -1.278200
10.144250 -3.068650 -1.297350
10.086800 -3.231410 -1.364370
10.163400 -3.231410 -1.192030
10.105950 -2.896300 -1.172880
10.058080 -2.925030 -1.163310
10.019780 -3.193120 -1.038840
9.924030 -3.327160 -0.943090
