10.220840 -2.752690 -0.138830
10.259140 -2.771840 -0.138830
10.249570 -2.800560 -0.157980
10.259140 -2.762260 -0.023940
10.354890 -2.771840 0.023940
10.297440 -2.781410 0.033510
10.182540 -2.972900 0.062230
10.058080 -3.193120 0.272870
9.981480 -3.403760 0.531390
9.914460 -3.690990 0.818620
9.857010 -3.662270 1.077140
9.943180 -3.585670 1.067560
10.278290 -3.796310 1.077140
10.402760 -4.409090 1.211180
10.345310 -4.887810 1.498420
10.469780 -4.973980 2.092040
10.622970 -4.581430 2.580340
10.737870 -4.399510 2.599490
10.699570 -4.725050 1.967570
10.680420 -5.443140 1.364370
10.986810 -6.381440 1.680340
11.274040 -6.706980 2.015450
11.274040 -6.505910 1.709060
11.254900 -6.649530 1.565440
11.245320 -7.262300 1.718630
11.321920 -7.760180 1.929270
11.341070 -8.009120 1.527140
11.321920 -8.353800 0.981390
11.436810 -9.033600 0.809050
11.551710 -9.416580 0.943090
11.637880 -9.148490 1.029270
11.522980 -9.186790 1.230330
11.522980 -9.991050 1.613310
11.685750 -11.053830 1.881400
12.202780 -11.140000 1.938850
12.624060 -10.153820 1.728210
12.442140 -9.311260 1.373950
11.963410 -9.608070 1.230330
11.599580 -10.354890 1.134590
11.408090 -10.737870 0.493090
10.986810 -10.077230 0.387770
10.450630 -9.617650 0.540960
10.000630 -9.722970 0.378200
9.493180 -9.876160 0.349470
8.851680 -9.359130 0.349470
7.894220 -8.554870 0.177130
6.860170 -7.884650 0.148410
5.826120 -7.616560 0.330320
5.203770 -7.664440 0.665430
4.906960 -7.721880 0.847350
4.533550 -7.511240 0.809050
3.959080 -6.802730 0.665430
3.509080 -6.324000 0.493090
2.944180 -5.816550 0.780330
2.063320 -5.175050 1.527140
1.105860 -4.820790 2.120770
0.387770 -4.313340 2.427150
0.110110 -3.432480 2.771840
0.186700 -2.704810 2.963330
-0.090960 -2.273960 3.068650
-0.234580 -2.139910 3.566520
-0.263300 -1.555870 4.236740
-0.368620 -0.837770 4.160150
-0.531390 -0.828200 3.336730
-0.550540 -1.622890 3.748440
0.560110 -2.618640 5.663350
1.134590 -2.005870 6.764430
0.904800 -0.914370 6.908050
0.646280 -0.607980 7.425070
0.789900 -0.866500 8.430400
1.527140 -1.977150 9.655940
2.082470 -3.375030 10.364460
1.488840 -3.212260 11.628300
1.230330 -2.331410 13.504920
1.048410 -1.852680 12.499590
0.703730 0.378200 11.915540
1.632460 -0.761180 19.393270
4.294190 -9.531480 15.668770
-0.014360 -7.884650 7.980400
-1.977150 -6.008040 5.414410
-3.011200 -5.079300 6.343150
-2.312260 -3.298440 6.572940
-0.330320 -4.102700 6.793150
0.071810 -4.179300 6.611230
-0.473940 -4.772920 6.601660
-0.043090 -5.558030 6.410170
1.297350 -5.577180 6.745280
2.551620 -4.658020 6.879320
2.522900 -3.623970 6.611230
1.268630 -3.365460 6.228250
0.023940 -3.987800 5.577180
-0.071810 -4.734620 4.811220
0.876070 -5.060160 4.466530
1.642040 -5.002710 4.313340
0.856920 -5.079300 4.255890
0.205850 -5.615480 3.623970
0.368620 -6.314420 2.934600
1.010120 -6.180380 2.561200
1.335650 -5.395260 2.388850
0.914370 -5.519730 2.034590
0.598410 -6.410170 1.192030
1.010120 -7.080390 0.856920
2.168640 -7.511240 0.540960
2.781410 -8.181460 -0.215430
2.245230 -8.449550 -0.971820
2.111190 -8.143160 -1.201610
3.135670 -9.215510 -0.828200
4.763340 -10.546380 -0.282450
5.979310 -10.852760 0.244150
6.400590 -11.072980 0.311170
6.228250 -11.072980 -0.071810
6.324000 -10.900640 -0.952670
6.735700 -10.441060 -1.728210
7.425070 -10.661270 -1.670760
8.047420 -10.488930 -1.144160
8.621890 -10.517650 -0.349470
9.129340 -10.996380 0.253730
9.292110 -11.207020 -0.100530
9.339980 -11.159150 -0.742030
9.407000 -10.019780 -0.722880
9.847440 -9.301690 -0.196280
10.268720 -9.569770 0.387770
10.182540 -9.751690 0.703730
9.818710 -8.813380 0.856920
9.636790 -7.453800 0.981390
9.684670 -6.697400 0.981390
9.799560 -6.620810 0.971820
10.086800 -7.310180 1.642040
10.421910 -7.664440 1.938850
10.383610 -6.841020 1.776080
10.488930 -5.826120 1.728210
10.584680 -5.318670 1.287780
10.105950 -5.759100 0.952670
10.201690 -6.927190 1.048410
10.929360 -7.597410 1.622890
10.986810 -6.745280 1.929270
10.479360 -4.734620 2.168640
10.441060 -3.422910 2.570770
10.709150 -3.308010 2.589920
10.728290 -3.748440 2.187790
10.565530 -4.016530 1.575020
10.508080 -3.844190 1.086710
10.642120 -3.710140 0.962240
10.661270 -3.997380 0.923950
10.469780 -4.284620 0.646280
10.287870 -4.409090 0.253730
10.354890 -4.409090 0.311170
