10.259140 -1.948420 0.387770
10.441060 -1.919700 0.387770
10.546380 -1.910120 0.378200
10.584680 -1.958000 0.339900
10.584680 -2.044170 0.301600
10.622970 -2.101620 0.263300
10.622970 -2.130340 0.282450
10.575100 -2.034590 0.225000
10.527230 -1.977150 0.196280
10.517650 -2.082470 0.234580
10.402760 -2.168640 0.301600
10.316590 -2.149490 0.435640
10.412330 -2.082470 0.569690
10.498510 -2.072890 0.627130
10.479360 -2.082470 0.607980
10.431480 -2.159060 0.560110
10.307010 -2.101620 0.502660
10.163400 -1.852680 0.493090
10.163400 -1.747360 0.378200
10.364460 -1.795230 0.292020
10.565530 -1.843100 0.205850
10.594250 -1.881400 0.253730
10.479360 -1.756930 0.263300
10.488930 -1.651610 0.311170
10.460210 -1.594160 0.406920
10.460210 -1.622890 0.502660
10.460210 -1.613310 0.550540
10.469780 -1.555870 0.454790
10.536800 -1.718630 0.378200
10.527230 -1.785660 0.368620
10.488930 -1.814380 0.397340
10.479360 -1.900550 0.464370
10.412330 -2.015450 0.435640
10.431480 -2.063320 0.483520
10.412330 -2.005870 0.828200
10.345310 -1.316500 1.412250
10.354890 -0.636710 1.661190
10.297440 -0.799480 1.421820
10.067650 -1.632460 1.345230
9.866590 -3.834610 2.503750
9.885730 -6.122930 4.638870
10.125100 -7.042090 5.385690
10.105950 -7.980400 5.376120
10.718720 -11.101700 5.452710
10.728290 -14.491100 5.979310
11.484690 -17.057080 8.334650
14.414500 -17.631550 9.579350
16.654950 -16.281540 7.549540
17.985810 -16.013450 3.987800
18.368790 -17.076230 1.795230
18.703900 -18.435820 -0.177130
19.316680 -18.991140 -2.810130
19.594340 -19.431570 -4.638870
19.594340 -19.594340 -6.017610
19.594340 -19.421990 -7.453800
19.594340 -16.856010 -8.842110
19.594340 -14.625140 -9.014450
19.594340 -13.830450 -7.808050
19.594340 -12.413420 -6.726130
19.594340 -9.694240 -6.639960
19.230510 -6.687830 -6.726130
16.779420 -4.725050 -6.094210
14.347480 -3.039920 -5.194200
12.174050 -1.249480 -4.208020
10.508080 -1.259050 -3.537800
9.665520 -2.580340 -3.375030
9.435730 -2.542050 -3.240990
9.550620 -2.656940 -2.599490
9.196370 -2.005870 -1.881400
7.884650 0.339900 -1.335650
7.520820 1.594160 0.464370
8.602740 1.460120 2.944180
9.866590 0.426070 6.400590
11.072980 -0.464370 9.742120
11.657030 -2.015450 14.280460
11.944260 -2.723960 18.129430
15.984730 0.359050 19.163480
17.459210 1.852680 19.594340
5.768670 -0.263300 12.097460
5.452710 -9.655940 3.422910
3.432480 -9.263390 4.160150
3.614400 -4.179300 5.471860
3.949510 -0.952670 6.687830
4.255890 0.464370 7.003790
5.155900 -1.632460 6.094210
5.155900 -4.016530 3.911210
4.734620 -5.692080 1.488840
4.179300 -6.936770 -0.349470
3.308010 -7.128260 -2.178210
1.938850 -6.841020 -3.767590
0.311170 -5.481440 -4.591000
-0.330320 -4.275040 -4.054830
1.153730 -4.093120 -3.202690
3.394180 -5.586760 -3.020770
3.920780 -7.980400 -4.677170
2.848430 -10.986810 -6.103780
2.618640 -11.925110 -5.778250
4.456960 -12.212350 -4.696320
5.299520 -10.699570 -4.054830
4.523980 -8.305930 -4.026100
5.270800 -9.991050 -4.476110
7.674010 -13.447470 -4.964410
9.713390 -14.778330 -5.050580
10.211270 -14.395350 -4.801640
9.196370 -13.026190 -4.571850
8.755940 -12.480440 -4.284620
9.148490 -12.193200 -3.576100
9.780410 -12.183630 -3.011200
9.991050 -11.369790 -3.422910
9.971900 -10.383610 -3.528230
10.345310 -9.943180 -3.039920
10.555950 -9.847440 -2.532470
10.172970 -9.751690 -1.881400
9.847440 -9.330410 -1.057990
9.991050 -8.794230 -0.225000
10.297440 -8.344230 0.157980
10.383610 -8.085720 0.090960
10.259140 -7.980400 0.071810
10.239990 -7.721880 0.205850
10.345310 -7.099540 0.349470
10.460210 -6.295270 0.636710
10.613400 -5.443140 1.019690
10.814470 -4.878240 1.249480
10.833610 -4.725050 1.536720
10.575100 -4.906960 1.890980
10.555950 -4.830370 2.111190
10.718720 -4.571850 2.206940
10.862340 -4.188870 1.412250
10.622970 -3.930360 0.943090
10.565530 -4.073980 0.607980
10.536800 -4.217590 0.167550
10.431480 -4.313340 0.186700
10.412330 -4.303770 0.799480
10.622970 -4.217590 1.192030
10.536800 -3.643120 0.981390
10.297440 -3.097370 0.914370
10.201690 -3.020770 0.876070
10.220840 -3.240990 0.531390
10.220840 -3.413330 -0.043090
10.316590 -3.470780 -0.416490
10.421910 -3.269710 -0.378200
10.488930 -2.972900 -0.157980
10.536800 -2.656940 -0.043090
10.603830 -2.484600 -0.090960
10.661270 -2.408000 -0.110110
10.642120 -2.379280 -0.100530
10.431480 -2.264380 -0.052660
