10.345310 -2.810130 -0.387770
10.374040 -2.752690 -0.301600
10.326160 -2.704810 -0.263300
10.335740 -2.695240 -0.282450
10.326160 -2.743110 -0.368620
10.316590 -2.790980 -0.416490
10.259140 -2.829280 -0.454790
10.278290 -2.781410 -0.454790
10.278290 -2.733540 -0.464370
10.239990 -2.752690 -0.454790
10.268720 -2.800560 -0.445220
10.307010 -2.762260 -0.435640
10.249570 -2.714390 -0.397340
10.201690 -2.695240 -0.301600
10.249570 -2.676090 -0.272870
10.297440 -2.647370 -0.320750
10.326160 -2.656940 -0.339900
10.345310 -2.714390 -0.349470
10.364460 -2.704810 -0.359050
10.354890 -2.637790 -0.330320
10.335740 -2.618640 -0.282450
10.354890 -2.580340 -0.234580
10.354890 -2.570770 -0.138830
10.402760 -2.647370 -0.052660
10.354890 -2.838860 -0.196280
10.287870 -3.145240 -0.416490
10.307010 -3.480350 -0.512240
10.498510 -3.221840 -0.426070
10.517650 -2.905880 -0.205850
10.374040 -2.762260 -0.100530
10.259140 -2.829280 -0.138830
10.211270 -2.934600 -0.244150
10.211270 -2.972900 -0.292020
10.354890 -2.992050 0.023940
10.575100 -3.470780 0.895220
10.488930 -4.150570 2.168640
10.354890 -4.093120 2.925030
10.709150 -3.767590 3.547370
11.101700 -4.208020 4.131420
11.072980 -5.328240 3.805890
10.613400 -6.754850 4.552700
10.603830 -8.037840 5.902720
10.575100 -8.258060 6.027190
11.072980 -9.081470 5.797400
12.020860 -11.628300 5.931440
12.480440 -14.347480 5.960160
13.121940 -16.252820 5.280370
14.787910 -17.191120 3.422910
16.884740 -17.631550 1.680340
17.746450 -18.502840 0.435640
17.736870 -19.326250 -0.732450
18.598580 -18.206030 -1.900550
19.594340 -16.243240 -3.585670
19.594340 -15.534720 -5.127180
19.594340 -15.716640 -6.391020
19.594340 -14.491100 -6.908050
19.594340 -12.269800 -7.358050
19.594340 -9.895310 -7.597410
19.594340 -7.166560 -7.865500
18.435820 -5.098450 -7.836780
15.908130 -4.179300 -6.572940
14.443220 -3.882480 -4.954840
13.169810 -2.972900 -3.767590
11.733620 -1.766510 -3.059070
10.000630 -0.272870 -2.858010
8.430400 0.263300 -2.743110
7.271880 0.349470 -2.072890
7.137830 -0.225000 -1.268630
7.922950 -1.373950 0.512240
8.621890 -1.709060 2.810130
8.258060 -1.642040 5.318670
7.329330 -1.048410 6.831450
6.324000 -0.675010 7.827200
6.237830 -1.239910 9.244240
6.994220 -1.986720 12.097460
7.243150 -0.952670 14.088960
6.697400 6.841020 13.686830
5.864420 6.630380 18.215600
3.269710 -0.904800 8.439980
1.651610 -9.330410 5.079300
-0.876070 -4.964410 2.829280
1.766510 -2.388850 3.461200
4.160150 -3.719720 4.591000
1.996300 -3.710140 4.811220
0.837770 -2.963330 4.428230
2.283530 -3.193120 3.863340
4.303770 -4.533550 2.848430
4.399510 -6.544210 1.144160
2.398430 -7.444220 -0.904800
0.349470 -7.128260 -2.302680
-0.301600 -7.329330 -2.867580
0.990970 -8.152740 -2.771840
2.925030 -7.664440 -1.948420
3.518650 -6.783580 -1.268630
2.752690 -8.018690 -1.517570
1.996300 -9.646370 -2.312260
2.800560 -10.326160 -2.800560
4.342060 -10.737870 -2.656940
4.830370 -10.996380 -2.465450
4.562280 -10.737870 -2.178210
5.050580 -10.737870 -1.364370
6.630380 -11.848520 -1.134590
7.999550 -12.480440 -1.680340
8.372950 -11.331490 -1.450550
9.033600 -10.441060 -1.192030
9.493180 -11.226170 -0.933520
9.665520 -12.490010 -0.885650
9.732540 -12.853850 -1.651610
10.010200 -11.207020 -1.881400
10.709150 -8.899550 -1.144160
11.771920 -8.985730 -0.406920
11.800650 -10.383610 -0.177130
11.111280 -10.967660 -0.406920
10.776170 -10.077230 -0.531390
10.555950 -8.612320 -0.359050
10.326160 -7.769760 -0.090960
9.857010 -7.463370 0.330320
9.694240 -7.434650 0.627130
10.029350 -7.204860 0.876070
10.354890 -6.515490 1.115440
10.469780 -5.797400 1.306930
10.488930 -5.184620 1.488840
10.613400 -4.859090 1.527140
10.852760 -4.868660 1.469690
10.986810 -4.887810 1.354800
10.737870 -4.772920 1.345230
10.718720 -4.782490 1.354800
10.986810 -4.868660 1.239910
11.005960 -4.792070 1.029270
10.766590 -4.485680 0.694160
10.565530 -4.227170 0.588840
10.412330 -4.102700 0.531390
10.287870 -3.959080 0.311170
10.287870 -3.872910 0.052660
10.354890 -3.700570 -0.119680
10.287870 -3.470780 -0.177130
10.182540 -3.413330 -0.272870
9.991050 -3.499500 -0.138830
9.991050 -3.480350 0.110110
10.172970 -3.298440 0.311170
10.441060 -2.905880 0.416490
10.594250 -2.656940 0.426070
10.441060 -2.666510 0.244150
10.230420 -2.867580 0.023940
10.182540 -3.030350 -0.205850
10.326160 -2.982480 -0.330320
10.565530 -2.829280 -0.320750
