10.383610 -2.331410 -0.406920
10.469780 -2.436730 -0.435640
10.460210 -2.475020 -0.426070
10.412330 -2.417580 -0.368620
10.402760 -2.484600 -0.349470
10.364460 -2.522900 -0.349470
10.345310 -2.522900 -0.397340
10.374040 -2.503750 -0.397340
10.354890 -2.522900 -0.406920
10.316590 -2.570770 -0.454790
10.345310 -2.628220 -0.464370
10.393190 -2.628220 -0.464370
10.421910 -2.551620 -0.454790
10.412330 -2.503750 -0.445220
10.374040 -2.475020 -0.397340
10.316590 -2.475020 -0.349470
10.287870 -2.455870 -0.320750
10.326160 -2.455870 -0.339900
10.354890 -2.427150 -0.378200
10.335740 -2.446300 -0.378200
10.374040 -2.465450 -0.368620
10.354890 -2.446300 -0.397340
10.421910 -2.427150 -0.435640
10.431480 -2.465450 -0.464370
10.402760 -2.532470 -0.473940
10.412330 -2.580340 -0.435640
10.450630 -2.551620 -0.378200
10.450630 -2.475020 -0.339900
10.354890 -2.484600 -0.349470
10.335740 -2.522900 -0.359050
10.345310 -2.522900 -0.349470
10.345310 -2.494170 -0.301600
10.326160 -2.398430 -0.196280
10.335740 -2.293110 -0.004790
10.441060 -2.321830 0.483520
10.412330 -2.226090 0.809050
10.029350 -2.072890 0.713300
9.416580 -3.212260 0.990970
8.966580 -6.008040 1.823950
9.684670 -10.086800 4.629300
11.274040 -12.250650 6.841020
11.561280 -10.172970 7.597410
11.819790 -8.286780 7.635710
12.547460 -9.770840 6.975070
13.294280 -12.681500 6.189950
14.290030 -15.333660 4.073980
14.787910 -16.999630 1.689910
15.343230 -17.344320 0.646280
16.568780 -17.794320 -0.090960
17.258140 -17.440060 -1.125010
17.918790 -16.894310 -2.580340
18.675180 -16.942180 -4.677170
19.594340 -17.085800 -6.324000
19.594340 -17.191120 -7.319750
19.594340 -17.583680 -7.750610
19.594340 -16.367710 -8.353800
19.594340 -14.223010 -8.545290
19.594340 -12.700650 -8.401680
19.594340 -11.800650 -7.616560
18.933690 -9.196370 -7.386770
16.769840 -6.343150 -6.802730
14.376200 -3.576100 -5.577180
12.087880 -0.952670 -4.064400
10.249570 -0.311170 -3.288860
9.196370 -1.259050 -3.365460
8.459130 -0.722880 -3.681420
7.817630 0.071810 -3.442050
7.396350 0.090960 -2.666510
7.176130 0.081380 -1.996300
6.984640 0.607980 -1.010120
7.128260 1.316500 0.387770
7.224010 0.933520 2.178210
7.683580 -0.502660 4.571850
8.593170 -2.513320 7.291030
9.292110 -4.648450 9.675090
9.004870 -5.653780 12.844270
7.894220 -3.930360 14.462370
11.053830 -1.201610 18.751780
14.807060 8.775080 19.594340
3.375030 3.327160 15.774090
4.935690 -11.819790 9.234660
0.607980 -12.930440 3.671840
-4.658020 -5.414410 2.139910
-2.360130 -3.240990 5.864420
0.789900 -2.235660 8.420830
1.354800 -0.751600 9.234660
1.900550 -0.138830 8.775080
2.513320 -1.527140 7.099540
2.417580 -3.738870 4.686750
2.484600 -5.127180 2.465450
2.666510 -5.136750 1.383520
2.283530 -4.160150 0.799480
2.072890 -3.767590 -0.110110
2.312260 -3.987800 -1.306930
2.781410 -4.686750 -2.139910
2.676090 -5.002710 -2.733540
2.178210 -5.309090 -3.509080
2.120770 -5.538880 -4.236740
3.499500 -6.438890 -4.169720
5.041010 -7.061240 -4.255890
5.452710 -8.037840 -4.753770
5.443140 -9.780410 -5.500590
6.314420 -11.417660 -6.113360
7.492090 -10.374040 -6.582510
8.842110 -10.048500 -7.128260
8.966580 -13.323000 -6.065480
9.608070 -15.151740 -4.926110
10.354890 -15.075150 -4.303770
10.249570 -13.236830 -5.165480
9.646370 -10.374040 -5.730370
10.536800 -9.588920 -4.227170
12.001710 -11.312340 -1.958000
12.375120 -12.576190 -1.259050
11.676180 -11.858090 -1.929270
10.814470 -10.546380 -2.206940
10.345310 -9.416580 -2.025020
10.259140 -8.985730 -1.249480
10.498510 -8.976150 -0.569690
10.584680 -8.822960 -0.071810
10.613400 -8.248480 0.311170
10.536800 -7.539970 0.406920
10.613400 -7.214430 0.301600
10.871910 -7.022940 0.167550
10.709150 -6.276120 0.454790
10.498510 -5.634630 0.876070
10.555950 -5.069730 1.144160
10.690000 -4.973980 1.134590
10.718720 -5.088880 0.895220
10.622970 -4.935690 0.675010
10.469780 -4.667600 0.665430
10.316590 -4.562280 0.627130
10.316590 -4.571850 0.368620
10.374040 -4.533550 0.014360
10.460210 -4.418660 -0.215430
10.383610 -4.150570 -0.234580
10.249570 -4.006950 -0.186700
10.134670 -4.006950 0.177130
10.747440 -3.844190 1.335650
10.527230 -3.308010 1.105860
10.239990 -3.231410 0.636710
10.077230 -3.623970 0.071810
10.048500 -3.872910 -0.531390
10.163400 -3.892060 -1.019690
10.268720 -3.767590 -1.249480
10.259140 -3.480350 -1.211180
10.239990 -3.346310 -1.086710
10.220840 -3.269710 -0.923950
