-7.808050 4.227170 0.818620
-7.836780 4.428230 0.770750
-7.855930 4.696320 0.885650
-7.980400 4.811220 0.876070
-8.133590 4.792070 0.722880
-8.372950 4.744190 0.598410
-8.344230 4.715470 0.560110
-8.353800 4.715470 0.483520
-8.621890 5.012280 0.320750
-9.138920 5.337820 0.186700
-9.445300 5.222920 -0.023940
-9.349560 4.916540 -0.493090
-9.474030 4.744190 -1.488840
-9.924030 5.050580 -2.417580
-10.287870 5.873990 -3.183540
-10.038930 6.831450 -4.112270
-9.263390 7.051660 -5.289940
-8.755940 7.453800 -6.027190
-8.535720 7.185710 -6.122930
-8.152740 6.917620 -6.161230
-7.453800 7.252730 -5.921870
-6.572940 6.965490 -5.663350
-5.902720 6.276120 -5.893140
-5.242070 5.682500 -6.075060
-4.447380 5.136750 -5.902720
-4.054830 4.409090 -5.280370
-3.901630 3.987800 -4.102700
-3.499500 4.428230 -2.925030
-2.743110 4.993130 -1.345230
-2.455870 4.102700 -0.617560
-2.408000 2.570770 -0.272870
-2.216510 1.804800 0.339900
-1.182460 2.302680 1.881400
0.406920 1.843100 4.208020
3.011200 -0.627130 6.946340
6.601660 -4.255890 9.052750
9.426150 -6.706980 10.259140
12.087880 -9.339980 12.786830
11.408090 -7.693160 17.784750
8.162310 -7.539970 19.058160
5.060160 -9.330410 17.028360
2.379280 -9.579350 14.615570
1.259050 -8.803810 13.868750
0.904800 -6.448470 14.826210
0.560110 -4.064400 15.879410
0.665430 -3.844190 16.530480
0.789900 -5.175050 16.032600
1.287780 -6.352720 15.458130
1.756930 -6.917620 14.002790
1.373950 -5.835700 12.537890
0.368620 -3.825040 11.350640
-0.856920 -2.398430 11.503840
-1.096290 -2.340980 11.676180
-0.694160 -2.264380 9.981480
-0.876070 -1.172880 8.037840
-1.230330 -0.215430 6.094210
-2.082470 0.904800 4.200000
-2.972900 1.316500 2.551620
-3.288860 0.971820 1.450550
-3.193120 1.048410 0.378200
-3.327160 1.507990 -0.387770
-3.365460 1.661190 -0.799480
-3.576100 1.967570 -1.153730
-4.121850 2.044170 -1.632460
-4.562280 1.814380 -1.910120
-4.868660 1.890980 -2.178210
-5.155900 2.063320 -2.704810
-5.701650 2.455870 -3.145240
-6.371870 3.183540 -3.212260
-6.821870 3.585670 -3.489930
-6.630380 3.786740 -3.930360
-6.266550 4.054830 -4.648450
-6.802730 4.696320 -5.242070
-7.712310 6.065480 -5.711230
-7.492090 7.712310 -5.893140
-7.587840 11.044250 -7.061240
-8.526150 16.300690 -8.353800
-8.775080 18.301770 -7.884650
-7.176130 12.719800 -5.404840
-5.529310 7.089960 -3.260140
-5.998460 6.381440 -1.986720
-7.061240 7.128260 -0.713300
-7.061240 5.969740 -0.110110
-6.831450 4.131420 -0.435640
-7.137830 2.972900 -0.473940
-7.559120 3.346310 0.196280
-7.559120 4.466530 0.703730
-7.511240 5.155900 0.675010
-7.645290 5.146330 0.253730
-7.559120 5.021860 -0.339900
-7.559120 5.529310 -0.914370
-7.482520 6.142080 -0.866500
-7.444220 6.209100 -0.770750
-7.492090 6.017610 -0.856920
-7.453800 6.247400 -1.125010
