-9.225090 3.614400 -0.617560
-9.225090 3.518650 -0.809050
-9.234660 3.384610 -0.885650
-9.292110 3.585670 -0.876070
-9.560200 3.729290 -1.010120
-9.617650 3.604820 -1.153730
-9.349560 3.154820 -0.990970
-9.464450 3.231410 -1.670760
-9.761260 3.116520 -2.053740
-9.933610 2.551620 -2.092040
-10.038930 2.647370 -2.695240
-9.809140 3.394180 -3.221840
-9.761260 3.480350 -3.461200
-10.354890 2.915450 -3.767590
-10.795320 2.992050 -3.518650
-10.460210 3.116520 -3.135670
-9.292110 2.685660 -2.551620
-8.535720 2.542050 -1.929270
-7.961250 2.551620 -1.172880
-7.300600 2.513320 -0.359050
-6.812300 2.254810 -0.311170
-6.285700 1.105860 -0.387770
-5.548460 0.483520 0.119680
-5.146330 0.751600 1.354800
-4.849520 1.077140 2.647370
-5.242070 2.226090 2.455870
-5.299520 3.327160 2.321830
-4.428230 3.834610 2.676090
-3.643120 3.183540 3.126090
-2.982480 1.670760 3.556950
-2.369700 1.297350 3.748440
-1.680340 0.971820 4.830370
-0.694160 1.029270 6.419740
0.464370 1.565440 8.152740
1.230330 2.216510 8.411250
2.159060 1.354800 8.717640
4.265470 -3.030350 10.249570
6.496340 -7.894220 11.063400
6.237830 -7.683580 11.858090
4.322910 -4.208020 13.533640
2.695240 -1.642040 14.519820
2.178210 -1.249480 14.117690
2.063320 -3.049500 12.059160
1.364370 -4.255890 10.431480
1.096290 -4.083550 10.891060
1.134590 -2.953750 12.260220
0.761180 -2.015450 12.786830
0.225000 -1.881400 12.643210
0.368620 -1.900550 13.131510
0.684580 -2.005870 13.725130
0.828200 -2.053740 13.811300
0.560110 -2.101620 13.485770
0.502660 -2.522900 12.853850
0.675010 -3.106940 12.614480
0.751600 -2.513320 12.250650
0.244150 -1.431400 10.919790
-0.426070 -1.555870 9.770840
-1.038840 -2.216510 9.052750
-1.565440 -2.044170 8.976150
-2.159060 -0.809050 8.296360
-3.279290 0.110110 7.185710
-4.179300 0.904800 5.873990
-4.399510 1.048410 5.318670
-4.160150 0.416490 5.088880
-4.160150 0.272870 4.571850
-4.916540 2.168640 3.518650
-5.242070 4.035680 2.781410
-5.395260 4.045250 2.570770
-5.270800 2.771840 2.226090
-4.954840 1.709060 1.680340
-4.945260 1.929270 1.278200
-5.433560 2.637790 0.646280
-5.826120 2.618640 0.320750
-5.529310 2.982480 0.081380
-5.404840 3.193120 -0.225000
-5.663350 2.494170 -0.675010
-6.142080 1.737780 -1.268630
-6.592080 1.383520 -1.584590
-6.525060 1.814380 -1.651610
-6.726130 2.781410 -1.833530
-7.195280 3.240990 -2.283530
-7.578260 3.221840 -2.733540
-7.999550 3.451630 -3.690990
-8.516570 3.719720 -4.466530
-8.928280 4.418660 -5.289940
-9.119770 5.395260 -5.672930
-9.129340 5.941020 -5.806970
-9.416580 6.544210 -5.443140
-9.665520 7.578260 -5.002710
-9.550620 7.721880 -4.638870
-9.416580 7.386770 -4.332490
-9.378280 7.070810 -4.198450
-9.091040 6.122930 -3.422910
-8.937850 5.213350 -2.503750
-8.928280 5.021860 -1.584590
