-8.085720 3.825040 1.440970
-8.009120 3.681420 1.306930
-8.037840 3.690990 1.115440
-8.181460 3.892060 0.952670
-8.430400 4.064400 0.732450
-8.545290 4.169720 0.426070
-8.775080 4.284620 -0.110110
-9.186790 4.418660 -0.713300
-9.339980 4.495260 -1.125010
-9.033600 4.303770 -1.440970
-8.612320 4.342060 -1.402670
-8.698490 4.389940 -1.383520
-8.602740 4.026100 -1.345230
-8.516570 4.437810 -1.125010
-8.526150 4.696320 -0.742030
-8.334650 4.198450 -0.426070
-7.989970 3.566520 -0.301600
-7.693160 2.790980 0.100530
-7.367620 1.910120 -0.167550
-6.793150 2.618640 0.014360
-6.371870 2.475020 1.345230
-5.845270 1.958000 1.843100
-5.309090 2.005870 1.661190
-5.366540 2.340980 2.120770
-5.270800 1.938850 2.656940
-4.571850 1.345230 2.953750
-3.432480 0.493090 3.537800
-2.475020 0.588840 5.098450
-2.551620 0.904800 5.864420
-1.393100 -0.914370 5.711230
2.877160 -2.053740 7.338900
7.022940 -2.063320 10.125100
9.598500 -3.595250 11.408090
10.402760 -6.525060 11.159150
10.230420 -8.679340 11.254900
10.383610 -7.319750 13.093210
9.234660 -4.322910 14.797480
8.353800 -3.748440 15.611320
7.051660 -5.117600 13.552790
5.739950 -6.544210 11.350640
5.356970 -7.195280 10.919790
5.519730 -4.638870 12.260220
4.715470 -1.823950 13.313430
3.643120 -1.402670 13.792150
3.509080 -3.078220 14.117690
4.447380 -4.543130 14.021940
5.232500 -4.370790 13.715560
5.289940 -3.652690 12.892150
4.141000 -3.767590 11.436810
2.666510 -4.868660 11.140000
2.513320 -5.213350 11.436810
3.509080 -4.629300 11.455960
3.068650 -3.499500 10.546380
0.646280 -2.752690 9.435730
-1.306930 -2.810130 8.334650
-2.063320 -1.890980 7.453800
-2.101620 -0.196280 6.620810
-2.293110 0.004790 6.429320
-3.451630 -0.186700 5.433560
-4.734620 0.311170 4.514410
-5.548460 1.211180 3.451630
-5.663350 1.498420 2.877160
-5.558030 2.025020 2.283530
-6.103780 2.551620 1.670760
-6.324000 1.862250 1.460120
-5.950590 1.651610 1.134590
-5.462290 2.369700 0.818620
-5.328240 3.240990 0.378200
-5.692080 3.623970 -0.320750
-6.170800 4.006950 -0.617560
-6.170800 3.949510 -0.416490
-5.960160 3.509080 -0.493090
-6.075060 3.987800 0.004790
-6.668680 4.782490 -0.282450
-6.908050 5.404840 -1.259050
-6.639960 6.017610 -2.283530
-6.572940 6.812300 -2.771840
-7.367620 7.731460 -3.556950
-8.277210 8.507000 -3.882480
-8.382530 8.334650 -3.260140
-7.530390 7.674010 -2.532470
-6.917620 7.089960 -2.005870
-6.936770 6.094210 -1.182460
-7.616560 5.845270 -0.627130
-7.568690 5.931440 -0.406920
-7.386770 4.906960 -0.445220
-7.492090 4.485680 -0.167550
-7.693160 4.772920 0.263300
-7.741030 4.849520 0.560110
-7.693160 4.658020 0.646280
-7.779330 4.744190 0.378200
-7.894220 4.658020 0.033510
-7.731460 4.839940 0.177130
-7.750610 4.945260 0.301600
-7.664440 5.060160 0.531390
