-7.865500 4.026100 0.876070
-7.884650 4.131420 0.856920
-7.942100 4.265470 0.789900
-7.932520 4.227170 0.742030
-7.855930 4.188870 0.732450
-7.989970 4.342060 0.607980
-8.076140 4.073980 0.531390
-7.980400 4.160150 0.378200
-8.037840 4.399510 0.196280
-8.286780 4.543130 -0.100530
-8.621890 4.725050 -0.636710
-8.382530 4.562280 -0.665430
-8.296360 4.859090 -1.134590
-8.545290 5.328240 -1.718630
-8.583590 5.423990 -2.044170
-8.535720 5.127180 -2.111190
-8.258060 3.997380 -1.785660
-8.028270 3.317590 -1.431400
-8.382530 3.623970 -1.938850
-8.554870 5.012280 -2.293110
-8.468700 5.883570 -1.804800
-8.296360 5.041010 -1.833530
-7.405920 3.011200 -1.958000
-6.592080 1.603740 -1.718630
-6.276120 1.823950 -0.962240
-6.036760 2.159060 0.205850
-5.232500 1.852680 1.153730
-4.504830 1.182460 1.373950
-3.997380 0.914370 1.440970
-3.365460 0.732450 2.254810
-2.139910 0.196280 3.499500
-1.029270 -1.450550 3.537800
0.502660 -2.025020 3.825040
2.743110 -1.373950 5.988890
4.916540 -0.110110 8.612320
7.654860 -3.987800 11.168730
10.919790 -11.379360 12.834700
12.241080 -11.226170 16.367710
11.446390 -6.697400 17.966660
10.747440 -3.375030 17.334740
9.129340 -2.072890 16.769840
7.951670 -5.711230 15.266640
7.951670 -10.977230 12.844270
7.377200 -11.791070 11.015530
5.893140 -8.181460 11.992140
4.255890 -5.136750 14.385780
3.786740 -3.748440 16.109200
4.552700 -4.610150 15.448550
5.471860 -5.797400 13.323000
4.811220 -5.720800 10.929360
2.771840 -5.309090 9.560200
1.115440 -4.370790 8.899550
0.225000 -3.039920 8.708060
-0.071810 -2.254810 7.903800
-1.048410 -1.201610 6.850600
-2.513320 -0.378200 5.988890
-3.690990 -0.416490 5.194200
-4.322910 0.071810 3.997380
-4.322910 1.000540 3.049500
-4.504830 1.699480 2.484600
-4.600580 1.096290 3.413330
-5.328240 0.646280 2.867580
-5.854840 1.287780 2.494170
-6.008040 2.072890 2.178210
-5.701650 2.408000 1.469690
-5.376120 2.570770 1.172880
-4.945260 2.513320 0.885650
-4.887810 2.762260 0.521810
-5.155900 2.475020 0.473940
-5.500590 1.958000 0.713300
-5.423990 2.408000 0.876070
-5.529310 2.743110 0.694160
-6.180380 3.135670 0.339900
-6.620810 3.212260 -0.110110
-7.013370 3.777160 -0.837770
-7.405920 4.619720 -1.373950
-8.056990 5.491010 -2.513320
-8.487850 6.706980 -3.528230
-8.966580 8.334650 -4.112270
-9.588920 11.044250 -4.428230
-9.981480 12.346400 -3.700570
-9.014450 9.311260 -1.651610
-7.626140 5.146330 -0.186700
-7.731460 3.576100 -0.416490
-8.612320 4.073980 -0.655860
-8.899550 4.753770 -0.196280
-8.621890 4.342060 0.186700
-8.401680 2.992050 0.512240
-8.392100 1.996300 0.952670
-8.372950 2.417580 1.287780
-8.181460 3.403760 1.699480
-8.085720 4.006950 1.546290
-8.076140 4.236740 1.134590
-8.133590 4.121850 0.856920
-8.056990 3.882480 0.665430
