-9.378280 1.144160 1.278200
-9.617650 1.086710 0.751600
-10.163400 1.488840 0.598410
-10.661270 2.254810 0.636710
-11.034680 2.800560 0.378200
-10.881490 2.475020 0.320750
-10.555950 2.369700 0.043090
-10.498510 2.388850 0.023940
-10.345310 2.762260 0.100530
-10.172970 3.221840 -0.081380
-9.780410 2.963330 -0.378200
-9.378280 2.226090 -0.684580
-8.813380 1.661190 -0.272870
-8.487850 1.977150 0.359050
-8.372950 1.986720 1.125010
-7.492090 1.718630 2.130340
-6.611230 1.977150 2.398430
-6.266550 1.335650 2.254810
-6.055910 1.268630 2.350550
-5.634630 2.168640 3.346310
-4.868660 1.871830 4.198450
-4.121850 0.713300 4.830370
-4.150570 -0.215430 5.845270
-4.265470 0.177130 6.113360
-4.523980 0.521810 5.577180
-4.141000 0.234580 4.658020
-2.896300 0.100530 4.313340
-1.201610 -1.259050 4.916540
0.157980 -2.848430 5.672930
1.421820 -1.527140 6.563360
2.838860 -0.263300 8.296360
4.236740 -1.335650 9.215510
5.165480 -2.580340 10.000630
5.941020 -3.614400 11.446390
6.955920 -3.834610 12.585760
6.975070 -2.522900 12.135760
5.376120 -1.785660 11.427240
4.476110 -2.542050 11.542130
4.447380 -3.269710 11.580430
4.351640 -3.729290 11.005960
3.576100 -3.949510 9.809140
2.704810 -3.939930 9.426150
2.656940 -3.959080 9.550620
2.781410 -3.576100 9.617650
1.900550 -2.829280 9.780410
1.259050 -2.704810 10.182540
1.393100 -2.398430 10.651700
1.699480 -1.843100 11.628300
2.120770 -1.517570 12.078310
2.149490 -1.469690 11.637880
1.967570 -1.929270 10.622970
1.728210 -2.905880 10.881490
2.216510 -3.442050 11.321920
2.848430 -2.551620 11.408090
3.461200 -1.833530 11.197450
2.896300 -1.507990 10.096370
0.990970 -2.120770 9.024020
-0.550540 -2.781410 9.158070
0.014360 -2.867580 10.316590
1.306930 -1.890980 10.555950
0.512240 -0.809050 9.158070
-1.804800 -0.828200 8.267630
-3.001620 -1.699480 8.200610
-2.321830 -1.843100 8.516570
-1.163310 -1.134590 8.497420
-1.488840 -0.177130 7.616560
-3.355880 0.636710 6.343150
-4.945260 0.876070 5.395260
-5.117600 0.512240 5.280370
-4.255890 -0.033510 4.916540
-3.853760 0.330320 4.236740
-4.753770 1.057990 3.662270
-6.103780 0.962240 3.193120
-6.649530 0.215430 2.733540
-6.515490 0.560110 2.273960
-6.343150 1.335650 2.092040
-6.525060 1.038840 2.111190
-6.611230 -0.090960 2.149490
-6.908050 -0.828200 2.053740
-7.501670 0.081380 1.220760
-8.401680 2.273960 0.722880
-9.100620 3.145240 0.052660
-9.579350 3.221840 -0.493090
-9.713390 3.059070 -0.445220
-9.981480 3.240990 -0.923950
-10.220840 4.370790 -1.622890
-10.575100 6.046330 -2.379280
-10.536800 7.492090 -2.350550
-9.493180 6.965490 -1.469690
-8.822960 4.945260 -0.703730
-9.004870 3.126090 0.129260
-9.186790 2.369700 1.010120
-9.282540 2.340980 1.326080
-9.167640 2.302680 1.201610
-8.861260 2.082470 1.306930
