-8.899550 2.858010 1.249480
-8.784660 2.934600 1.565440
-8.401680 2.886730 1.622890
-8.401680 2.695240 1.038840
-8.526150 2.704810 0.646280
-8.669760 3.298440 0.569690
-8.966580 3.652690 0.694160
-8.937850 3.671840 0.588840
-8.861260 3.451630 0.445220
-8.889980 3.327160 0.186700
-8.708060 3.442050 -0.215430
-8.420830 4.619720 -1.239910
-8.602740 5.222920 -2.475020
-8.861260 4.983560 -3.623970
-8.918700 4.648450 -4.456960
-8.708060 4.725050 -4.514410
-8.928280 5.012280 -4.868660
-9.272960 5.519730 -5.050580
-8.832530 5.883570 -4.973980
-8.487850 5.902720 -5.318670
-8.650620 4.973980 -5.270800
-8.468700 3.949510 -4.648450
-7.942100 3.939930 -3.288860
-7.578260 4.868660 -1.766510
-7.109110 4.772920 -0.780330
-6.879320 3.978230 0.100530
-6.821870 3.662270 0.761180
-6.199530 3.126090 1.316500
-4.705900 2.254810 1.929270
-3.595250 1.125010 2.321830
-2.867580 0.675010 3.375030
-2.139910 0.751600 4.792070
-0.962240 0.339900 5.711230
0.732450 0.081380 6.017610
2.187790 -0.933520 6.410170
4.504830 -2.398430 7.970820
6.984640 -3.959080 9.617650
9.043170 -7.243150 12.518740
10.201690 -9.828290 15.113440
8.813380 -8.631470 15.094300
5.960160 -6.793150 13.782580
4.275040 -7.176130 13.907050
4.342060 -7.472940 14.223010
4.495260 -6.017610 13.734710
3.231410 -4.954840 12.681500
1.019690 -4.284620 12.269800
0.349470 -3.844190 12.528310
1.833530 -2.934600 13.016610
1.718630 -2.206940 12.212350
-0.426070 -2.570770 11.341070
-1.278200 -3.585670 11.398510
-0.052660 -3.633550 11.695330
0.627130 -2.264380 11.877240
-0.416490 -1.986720 11.819790
-1.230330 -2.905880 11.207020
-1.019690 -2.427150 9.550620
-1.402670 -1.364370 8.660190
-1.431400 -1.958000 8.210190
-1.699480 -1.211180 6.668680
-3.327160 0.675010 5.337820
-4.973980 1.737780 4.380360
-5.270800 1.900550 3.901630
-5.041010 2.130340 3.221840
-5.031430 2.254810 2.283530
-5.644200 3.403760 1.881400
-6.314420 4.514410 2.178210
-6.515490 2.609070 3.097370
-5.806970 0.990970 2.216510
-5.289940 1.948420 0.770750
-5.519730 2.858010 0.225000
-5.988890 3.164390 -0.799480
-6.161230 3.700570 -1.795230
-5.921870 4.169720 -2.130340
-6.132510 4.667600 -2.494170
-6.869750 5.538880 -3.604820
-7.300600 6.505910 -4.476110
-7.492090 7.616560 -5.146330
-7.721880 8.755940 -5.510160
-7.836780 10.019780 -5.960160
-7.913370 10.804890 -6.036760
-7.731460 10.230420 -5.261220
-7.176130 8.660190 -3.623970
-7.166560 7.233580 -2.455870
-7.291030 6.285700 -1.756930
-7.233580 5.854840 -1.220760
-7.003790 5.998460 -0.780330
-7.013370 5.864420 -0.397340
-7.061240 5.203770 -0.062230
-7.118690 4.581430 0.445220
-7.329330 4.409090 0.646280
-7.559120 4.801640 0.598410
-7.434650 5.050580 0.675010
-7.377200 4.993130 0.416490
-7.358050 4.897390 0.282450
-7.291030 4.763340 0.205850
