-7.894220 4.083550 1.603740
-7.817630 3.959080 1.335650
-7.674010 4.016530 1.249480
-7.616560 4.179300 1.421820
-7.635710 4.217590 1.575020
-7.654860 4.246320 1.603740
-7.674010 4.275040 1.431400
-7.559120 4.284620 1.297350
-7.549540 4.303770 1.153730
-7.654860 4.217590 1.086710
-7.674010 4.313340 0.981390
-7.693160 4.504830 0.627130
-7.741030 4.361210 0.043090
-7.999550 4.112270 -0.655860
-8.104870 4.208020 -1.153730
-8.554870 4.284620 -1.527140
-8.411250 4.208020 -1.345230
-7.721880 4.993130 -1.680340
-8.219760 6.333570 -4.552700
-8.832530 6.898470 -6.908050
-9.742120 5.988890 -7.855930
-9.780410 3.863340 -7.405920
-9.110190 3.116520 -5.902720
-8.593170 5.194200 -5.414410
-9.091040 8.066570 -5.529310
-9.952760 8.535720 -5.376120
-9.857010 6.706980 -4.753770
-8.688910 6.515490 -3.260140
-7.980400 7.568690 -1.383520
-7.721880 7.425070 0.196280
-7.118690 7.013370 0.569690
-6.324000 6.448470 0.071810
-5.433560 4.839940 0.157980
-4.026100 3.537800 1.249480
-0.971820 3.805890 4.265470
4.523980 3.403760 7.817630
10.345310 -5.021860 10.412330
16.760270 -17.631550 13.485770
19.039010 -19.594340 17.478360
17.554960 -16.530480 19.594340
13.150660 -9.378280 19.594340
8.191040 -7.166560 19.594340
3.997380 -7.788900 17.315590
1.048410 -8.066570 14.117690
-0.052660 -6.735700 13.629390
0.464370 -3.623970 13.370870
0.512240 -1.661190 11.484690
-0.215430 -1.029270 8.344230
-1.383520 0.234580 5.768670
-2.867580 1.555870 4.792070
-4.102700 1.881400 4.485680
-4.935690 1.766510 3.231410
-4.849520 1.057990 1.833530
-3.987800 1.287780 0.943090
-3.308010 2.302680 0.493090
-3.643120 3.240990 0.129260
-4.227170 2.723960 -0.473940
-4.485680 1.450550 -1.699480
-5.060160 1.575020 -2.475020
-5.730370 3.154820 -2.896300
-6.668680 3.758010 -3.767590
-7.559120 4.313340 -5.222920
-8.736790 6.659110 -6.802730
-9.809140 8.918700 -7.434650
-9.828290 10.163400 -8.181460
-9.694240 12.011290 -9.579350
-9.445300 14.558120 -9.272960
-9.138920 14.031520 -6.601660
-7.827200 9.407000 -3.509080
-6.965490 5.443140 -2.580340
-7.195280 4.715470 -1.881400
-7.674010 5.175050 -0.464370
-7.674010 5.050580 0.521810
-7.214430 4.619720 0.742030
-6.965490 3.700570 1.230330
-6.975070 3.556950 1.986720
-7.128260 4.255890 2.398430
-6.908050 4.801640 2.226090
-6.783580 5.203770 1.661190
-6.984640 5.356970 1.010120
-7.185710 5.337820 0.713300
-7.156980 5.414410 0.876070
-7.262300 5.778250 1.134590
-7.329330 5.682500 1.364370
-7.271880 5.213350 1.373950
-7.358050 5.299520 1.057990
-7.415500 5.366540 0.962240
-7.386770 5.050580 1.010120
-7.396350 4.705900 0.981390
-7.425070 4.638870 1.029270
-7.415500 4.734620 1.105860
-7.425070 4.993130 1.144160
-7.425070 5.213350 1.038840
-7.358050 5.041010 1.115440
-7.185710 4.495260 1.335650
