-8.248480 3.394180 1.220760
-8.372950 3.413330 1.182460
-8.688910 3.365460 1.163310
-8.803810 3.212260 1.172880
-8.602740 3.738870 0.952670
-8.669760 4.236740 0.406920
-8.641040 4.217590 -0.387770
-8.909130 4.102700 -0.809050
-9.138920 4.782490 -0.837770
-9.454880 5.002710 -0.473940
-8.995300 5.471860 -0.789900
-8.564440 5.385690 -0.742030
-8.995300 4.906960 -1.412250
-9.368710 4.973980 -2.398430
-9.205940 4.801640 -2.618640
-8.851680 4.303770 -2.293110
-8.650620 4.006950 -1.680340
-8.459130 4.830370 -1.067560
-8.478270 5.280370 -0.531390
-8.296360 4.648450 -0.282450
-7.788900 3.920780 -0.196280
-7.358050 3.499500 0.004790
-7.195280 2.953750 0.617560
-7.664440 2.455870 1.297350
-7.846350 2.532470 2.063320
-7.022940 2.829280 2.561200
-6.151650 2.637790 3.145240
-6.142080 2.561200 4.064400
-6.218680 2.618640 5.309090
-5.347390 2.858010 5.797400
-3.480350 2.656940 6.084630
-1.594160 0.540960 7.224010
-0.847350 -2.005870 7.827200
0.167550 -3.489930 9.081470
2.293110 -2.695240 9.569770
3.968660 -0.665430 9.608070
4.552700 -1.335650 10.201690
4.399510 -3.729290 10.603830
4.658020 -4.418660 11.609150
5.471860 -3.623970 13.121940
5.356970 -2.695240 13.447470
4.236740 -2.628220 12.576190
3.825040 -4.801640 10.766590
3.365460 -5.787820 9.722970
1.967570 -4.686750 10.307010
0.540960 -3.470780 11.676180
-0.292020 -3.461200 12.384690
-0.397340 -3.930360 12.174050
0.454790 -3.911210 11.781500
0.990970 -3.221840 11.321920
0.253730 -2.475020 10.220840
-1.383520 -2.944180 9.339980
-2.561200 -2.953750 8.928280
-2.609070 -1.469690 8.621890
-2.149490 -0.483520 8.755940
-3.183540 -0.090960 6.142080
-5.921870 0.675010 4.878240
-7.472940 0.244150 4.830370
-6.936770 0.598410 4.543130
-5.452710 0.617560 4.294190
-4.677170 1.163310 3.087800
-5.309090 2.858010 2.005870
-6.534640 3.375030 1.871830
-6.678260 1.536720 1.986720
-6.075060 1.029270 1.412250
-5.768670 2.149490 1.268630
-6.630380 3.308010 0.837770
-7.788900 3.269710 0.483520
-8.056990 3.604820 0.713300
-7.587840 3.930360 0.914370
-7.348470 3.949510 0.713300
-7.386770 3.576100 0.416490
-7.865500 3.892060 -0.071810
-8.784660 5.510160 -0.588840
-9.081470 6.572940 -1.364370
-8.688910 6.821870 -2.379280
-8.937850 7.549540 -2.858010
-9.761260 8.449550 -3.298440
-9.866590 8.200610 -3.049500
-9.158070 6.601660 -1.680340
-8.152740 4.456960 -0.311170
-7.865500 3.116520 -0.234580
-8.698490 3.365460 -0.847350
-9.349560 4.514410 -0.943090
-9.253810 4.562280 -0.703730
-8.621890 3.240990 -0.416490
-8.353800 2.350550 -0.023940
-8.708060 2.321830 0.502660
-8.880400 2.848430 0.943090
-8.755940 3.288860 1.115440
-8.401680 3.059070 1.163310
-8.248480 2.838860 0.962240
-8.401680 3.116520 0.856920
-8.430400 3.308010 0.990970
-8.305930 3.432480 1.182460
