-10.268720 3.978230 -0.895220
-10.316590 3.566520 -1.421820
-10.125100 2.982480 -1.689910
-9.895310 2.484600 -1.584590
-9.464450 2.685660 -0.952670
-9.234660 3.719720 0.196280
-8.976150 4.026100 1.125010
-8.535720 3.671840 0.885650
-7.980400 3.193120 0.684580
-7.425070 2.187790 0.426070
-6.984640 1.354800 0.473940
-6.295270 1.211180 1.670760
-5.309090 1.479270 2.599490
-4.322910 1.182460 3.193120
-3.480350 -0.253730 4.734620
-2.427150 -2.609070 5.835700
-2.149490 -1.785660 5.462290
-2.637790 0.780330 5.720800
-4.035680 1.172880 5.088880
-3.805890 -0.052660 4.964410
-2.034590 -1.182460 6.783580
-0.234580 -2.245230 8.822960
0.789900 -3.279290 9.215510
1.057990 -2.714390 8.784660
1.172880 -1.852680 8.372950
2.082470 -2.044170 8.602740
3.269710 -2.331410 9.866590
4.303770 -4.265470 11.207020
4.638870 -6.611230 11.197450
3.920780 -4.973980 10.910210
2.542050 -1.297350 11.896390
2.771840 -2.254810 11.618730
2.245230 -3.489930 10.441060
1.373950 -3.939930 10.144250
0.885650 -3.537800 9.866590
0.990970 -2.532470 9.847440
0.722880 -1.890980 9.876160
0.071810 -1.670760 9.541050
0.110110 -2.005870 9.483600
0.521810 -2.551620 9.885730
0.493090 -2.580340 10.220840
0.445220 -2.178210 10.144250
0.607980 -1.460120 10.354890
0.636710 -1.488840 10.393190
0.588840 -2.082470 10.086800
0.560110 -2.647370 9.655940
0.349470 -2.752690 9.646370
0.234580 -2.379280 10.105950
0.406920 -2.465450 10.096370
0.780330 -3.145240 9.952760
0.981390 -3.442050 9.895310
1.163310 -3.815460 10.000630
1.440970 -3.547370 10.498510
1.498420 -2.628220 10.862340
1.431400 -2.580340 10.517650
1.086710 -2.589920 9.703820
0.512240 -3.020770 8.430400
-0.483520 -2.886730 8.698490
-0.742030 -2.408000 9.924030
-0.014360 -2.312260 10.862340
0.157980 -2.101620 10.967660
-0.225000 -1.469690 10.546380
-0.598410 -1.402670 10.125100
-0.962240 -1.718630 9.081470
-0.761180 -1.747360 8.459130
-1.134590 -1.632460 8.545290
-1.412250 -1.996300 8.621890
-1.220760 -1.632460 8.411250
-2.388850 -0.406920 7.961250
-3.528230 -0.062230 7.281450
-3.489930 0.339900 6.687830
-2.628220 -0.129260 6.218680
-2.283530 -1.163310 5.385690
-5.893140 1.010120 3.939930
-6.065480 1.575020 3.633550
-5.366540 1.622890 3.509080
-5.222920 1.689910 3.030350
-6.563360 2.723960 2.130340
-7.903800 2.522900 1.852680
-7.961250 1.622890 1.278200
-7.693160 1.661190 0.244150
-7.922950 2.120770 -0.400000
-8.545290 2.321830 -0.751600
-9.110190 3.154820 -0.512240
-9.004870 3.585670 -0.081380
-8.468700 2.762260 0.043090
-8.516570 2.618640 -0.320750
-8.880400 3.260140 -0.770750
-8.870830 3.978230 -0.751600
-8.698490 4.370790 -0.703730
-8.803810 4.686750 -0.809050
-8.708060 4.801640 -1.048410
-8.803810 5.002710 -0.914370
-8.784660 5.309090 -0.713300
-8.593170 5.423990 -0.387770
