-7.224010 5.806970 -0.493090
-7.396350 5.893140 -0.550540
-7.348470 5.644200 -0.703730
-7.338900 5.615480 -0.943090
-7.606990 5.366540 -0.837770
-7.970820 5.443140 -0.799480
-8.296360 5.854840 -1.239910
-8.497420 6.075060 -1.421820
-8.794230 5.969740 -2.398430
-8.296360 6.601660 -3.116520
-7.779330 7.626140 -3.250560
-8.277210 6.735700 -4.064400
-8.095290 6.075060 -3.738870
-8.219760 6.132510 -3.767590
-7.922950 6.285700 -4.629300
-7.291030 7.434650 -5.519730
-7.597410 8.497420 -6.716550
-7.894220 8.660190 -7.386770
-7.626140 7.377200 -7.482520
-6.850600 6.467620 -7.597410
-6.218680 6.764430 -7.597410
-5.749520 7.798480 -7.951670
-5.232500 8.411250 -8.497420
-4.294190 7.300600 -8.133590
-3.623970 5.270800 -7.568690
-3.279290 4.217590 -7.032510
-3.030350 4.208020 -5.826120
-3.030350 5.136750 -4.964410
-2.695240 4.916540 -3.346310
-2.398430 3.738870 -1.287780
-2.762260 3.317590 0.694160
-3.442050 3.643120 1.890980
-3.212260 3.633550 3.212260
-0.684580 2.925030 4.763340
2.072890 -0.043090 6.668680
3.959080 -5.079300 9.435730
5.433560 -8.104870 11.120850
7.051660 -8.315510 13.820880
9.043170 -6.994220 17.497510
7.817630 -5.203770 18.311350
4.437810 -5.720800 16.980480
2.896300 -9.062320 15.180470
2.829280 -10.239990 14.730460
1.967570 -7.616560 15.065570
-0.234580 -4.715470 15.199610
-1.795230 -3.939930 15.381530
-1.105860 -4.610150 14.874080
-0.244150 -4.610150 13.954920
-1.239910 -4.026100 12.317670
-2.743110 -3.767590 10.651700
-2.676090 -4.064400 10.479360
-1.852680 -3.470780 10.622970
-2.025020 -2.398430 9.665520
-3.288860 -1.632460 8.411250
-3.805890 -1.000540 6.706980
-3.662270 -0.081380 4.361210
-3.633550 1.077140 2.599490
-3.729290 1.938850 1.699480
-3.949510 1.469690 1.527140
-4.428230 1.077140 0.751600
-5.299520 1.737780 0.359050
-5.376120 2.408000 0.000000
-4.926110 2.446300 -0.378200
-4.456960 2.340980 -0.809050
-4.418660 2.388850 -1.412250
-4.485680 3.145240 -2.130340
-4.849520 4.121850 -2.723960
-4.983560 5.031430 -2.762260
-4.801640 5.280370 -2.532470
-5.213350 4.504830 -2.867580
-6.180380 4.859090 -4.169720
-6.103780 5.845270 -3.039920
-6.055910 6.065480 -3.623970
-6.496340 5.031430 -4.964410
-6.984640 5.165480 -5.318670
-7.693160 6.735700 -5.155900
-8.143160 8.851680 -4.935690
-8.162310 10.201690 -6.410170
-8.305930 11.733620 -8.602740
-8.210190 13.303850 -8.803810
-7.769760 12.901720 -6.132510
-7.128260 10.709150 -4.121850
-6.898470 8.076140 -3.308010
-7.195280 6.515490 -2.494170
-7.444220 6.687830 -2.187790
-7.233580 6.266550 -1.986720
-6.774000 4.677170 -1.488840
-6.812300 3.853760 -0.809050
-7.109110 4.437810 -0.196280
-7.061240 4.945260 0.090960
-6.975070 4.763340 -0.253730
-7.022940 5.012280 -1.134590
-7.022940 5.979310 -1.546290
-7.051660 6.180380 -1.249480
-7.061240 5.835700 -1.335650
