-8.124010 4.275040 1.000540
-8.191040 4.418660 0.742030
-8.047420 4.696320 0.540960
-7.922950 4.926110 0.435640
-7.875080 4.935690 0.349470
-7.875080 4.973980 0.167550
-7.884650 5.069730 -0.205850
-7.808050 4.715470 -0.110110
-7.712310 4.361210 0.110110
-7.635710 4.322910 0.397340
-7.377200 3.796310 0.943090
-7.137830 3.212260 1.335650
-7.128260 3.355880 1.900550
-7.156980 4.054830 2.283530
-6.955920 3.518650 2.609070
-6.927190 2.513320 2.254810
-6.515490 1.823950 2.072890
-6.324000 1.565440 2.427150
-6.017610 1.239910 3.106940
-5.452710 0.809050 4.533550
-5.041010 -0.368620 5.337820
-5.002710 -1.029270 4.964410
-4.926110 -0.722880 4.255890
-3.920780 -0.588840 5.002710
-2.293110 -1.661190 6.352720
-1.019690 -2.743110 6.936770
-0.196280 -2.972900 7.597410
0.856920 -3.968660 8.085720
1.345230 -5.270800 7.195280
2.781410 -4.619720 7.281450
5.155900 -3.039920 9.407000
7.578260 -2.992050 12.461290
9.349560 -6.486770 13.744280
8.746360 -8.660190 12.174050
7.137830 -7.674010 11.111280
5.806970 -6.324000 10.622970
5.491010 -5.385690 10.843190
5.184620 -5.356970 10.536800
4.437810 -6.065480 9.493180
3.547370 -6.132510 8.995300
2.800560 -4.600580 9.387860
2.867580 -3.279290 10.220840
3.250560 -3.173970 10.728290
3.240990 -3.805890 10.555950
2.953750 -5.012280 10.182540
2.972900 -5.184620 9.924030
3.126090 -4.552700 10.460210
3.738870 -4.093120 11.427240
4.591000 -4.380360 11.379360
4.571850 -4.811220 10.843190
3.327160 -5.404840 10.220840
2.503750 -5.941020 10.067650
2.934600 -5.759100 10.010200
2.484600 -4.811220 9.244240
1.479270 -4.418660 8.171890
0.751600 -4.792070 8.334650
0.311170 -4.954840 9.493180
-0.071810 -4.638870 10.345310
-1.670760 -2.503750 9.148490
-2.905880 -2.905880 8.439980
-3.537800 -2.618640 7.530390
-3.451630 -2.092040 6.793150
-3.614400 -1.575020 6.008040
-4.466530 -0.473940 5.615480
-5.203770 0.512240 5.184620
-5.596330 0.569690 4.753770
-5.596330 0.847350 3.375030
-5.596330 1.239910 3.001620
-5.883570 2.053740 2.360130
-6.343150 2.360130 1.689910
-6.668680 2.484600 0.981390
-6.572940 2.542050 0.789900
-6.362300 2.484600 0.866500
-6.400590 2.312260 0.387770
-6.754850 3.327160 -0.071810
-6.936770 4.667600 -0.253730
-6.754850 4.715470 -0.244150
-6.841020 4.361210 -0.426070
-7.539970 4.418660 -0.426070
-7.894220 4.571850 -0.387770
-7.568690 4.715470 -0.866500
-7.664440 6.046330 -1.709060
-7.999550 7.855930 -2.005870
-8.171890 8.928280 -1.795230
-7.903800 8.468700 -1.469690
-7.750610 7.224010 -1.268630
-7.597410 6.055910 -0.684580
-7.539970 5.433560 0.215430
-7.539970 5.318670 0.943090
-7.674010 4.954840 0.895220
-7.664440 4.332490 0.684580
-7.606990 3.892060 0.416490
-7.606990 4.035680 0.349470
-7.626140 4.121850 0.780330
-7.635710 3.930360 1.077140
