-8.267630 4.591000 0.665430
-8.775080 4.514410 0.454790
-9.378280 4.389940 0.244150
-9.244240 5.050580 -0.129260
-8.775080 5.529310 -0.588840
-8.870830 5.069730 -1.565440
-9.483600 4.466530 -2.149490
-9.866590 4.543130 -2.264380
-9.761260 5.845270 -2.915450
-9.359130 7.166560 -2.905880
-9.608070 7.386770 -3.643120
-9.512330 7.051660 -4.208020
-8.976150 6.209100 -4.342060
-8.669760 5.672930 -4.887810
-8.296360 5.529310 -4.753770
-8.143160 5.462290 -4.591000
-7.913370 5.366540 -4.380360
-7.463370 5.041010 -4.303770
-6.745280 4.648450 -4.418660
-6.199530 4.083550 -4.236740
-6.094210 3.671840 -3.853760
-6.036760 3.403760 -2.771840
-5.356970 3.394180 -1.785660
-4.447380 3.231410 -1.153730
-4.227170 2.810130 -0.502660
-4.744190 2.905880 0.148410
-5.136750 3.719720 0.655860
-4.428230 3.413330 1.670760
-3.154820 2.178210 2.494170
-2.513320 2.293110 2.992050
-2.695240 2.896300 3.528230
-2.350550 2.379280 5.251650
-0.540960 1.594160 7.252730
0.904800 0.225000 7.243150
2.551620 -1.603740 8.018690
5.165480 -2.723960 10.728290
7.501670 -3.662270 13.428320
8.794230 -4.571850 15.199610
7.243150 -4.945260 14.337900
4.035680 -6.170800 12.863420
3.202690 -8.784660 13.390020
3.327160 -8.009120 13.887900
3.068650 -4.859090 15.161320
1.364370 -2.551620 15.046420
-0.837770 -2.551620 14.740040
-1.565440 -3.260140 14.900000
-1.278200 -2.810130 15.381530
-0.837770 -2.398430 14.912380
-1.268630 -1.498420 13.715560
-2.034590 -0.330320 12.968740
-2.455870 -0.713300 12.355970
-2.350550 -1.776080 11.781500
-2.408000 -2.063320 11.178300
-2.235660 -1.632460 9.971900
-2.829280 -0.378200 8.056990
-4.006950 0.387770 6.544210
-4.983560 0.789900 5.261220
-5.069730 1.067560 4.389940
-4.859090 1.699480 3.671840
-4.782490 2.159060 3.279290
-5.050580 1.938850 2.599490
-5.385690 1.747360 1.689910
-5.538880 2.025020 0.876070
-5.605900 2.494170 0.071810
-5.117600 2.111190 -0.301600
-4.629300 1.843100 -1.153730
-4.533550 1.278200 -0.876070
-5.261220 0.856920 -1.364370
-4.868660 1.479270 -1.575020
-3.959080 2.427150 -1.843100
-3.298440 2.819710 -1.756930
-3.030350 2.934600 -2.503750
-3.920780 3.221840 -2.723960
-4.763340 2.858010 -2.762260
-4.284620 1.929270 -2.542050
-3.729290 2.618640 -2.743110
-3.901630 3.260140 -2.790980
-5.184620 3.403760 -3.039920
-6.821870 4.246320 -3.327160
-7.683580 5.031430 -3.375030
-8.056990 5.797400 -3.240990
-8.305930 6.793150 -3.470780
-8.535720 8.363380 -4.638870
-8.985730 11.446390 -6.391020
-9.770840 15.649620 -8.066570
-10.201690 19.029440 -8.717640
-8.947430 15.649620 -5.768670
-6.754850 7.606990 -1.814380
-6.505910 3.719720 -0.646280
-7.922950 5.625050 -1.000540
-9.263390 7.338900 -1.335650
-8.698490 5.902720 -2.025020
-7.606990 3.164390 -0.876070
-8.066570 4.456960 0.157980
-8.056990 5.289940 0.416490
