-8.411250 2.551620 -2.321830
-8.439980 2.331410 -2.178210
-7.942100 2.685660 -1.948420
-7.606990 2.790980 -1.958000
-8.133590 2.570770 -2.168640
-8.832530 2.092040 -2.331410
-8.516570 2.015450 -2.254810
-8.344230 2.886730 -1.977150
-8.363380 3.260140 -1.776080
-8.507000 2.886730 -1.948420
-8.478270 2.302680 -2.455870
-8.363380 2.312260 -2.532470
-8.162310 2.800560 -2.283530
-8.018690 2.896300 -2.149490
-8.076140 2.819710 -2.178210
-8.191040 2.618640 -2.235660
-8.171890 2.513320 -2.206940
-7.989970 2.743110 -2.082470
-7.903800 2.752690 -2.044170
-8.028270 2.656940 -2.187790
-8.238910 2.647370 -2.092040
-8.305930 2.733540 -1.833530
-8.401680 2.867580 -1.785660
-8.487850 2.771840 -1.852680
-8.583590 2.656940 -1.919700
-8.755940 2.580340 -1.871830
-8.794230 2.618640 -1.833530
-8.554870 2.618640 -1.814380
-8.411250 2.599490 -1.958000
-8.372950 2.408000 -2.149490
-8.669760 2.800560 -2.369700
-8.679340 2.963330 -2.302680
-8.631470 3.001620 -2.417580
-8.430400 2.858010 -1.862250
-9.378280 3.173970 -2.178210
-9.474030 2.599490 -2.187790
-9.684670 3.068650 -2.656940
-9.962330 3.260140 -2.905880
-9.895310 2.944180 -3.920780
-10.565530 3.777160 -3.451630
-9.971900 4.255890 -3.825040
-9.426150 4.342060 -4.294190
-9.349560 3.212260 -5.098450
-9.646370 0.818620 -7.042090
-9.454880 0.914370 -8.526150
-9.330410 3.480350 -7.798480
-9.598500 5.117600 -6.908050
-9.579350 4.667600 -6.620810
-9.110190 3.269710 -7.616560
-8.851680 2.542050 -8.909130
-9.071900 2.733540 -9.742120
-9.014450 2.848430 -9.971900
-8.411250 3.336730 -9.311260
-8.152740 3.662270 -8.420830
-7.808050 3.403760 -8.028270
-7.147410 3.087800 -8.382530
-6.572940 3.001620 -8.650620
-6.170800 3.116520 -8.344230
-5.883570 3.537800 -8.076140
-5.347390 3.365460 -7.741030
-4.820790 2.953750 -6.888900
-3.872910 2.800560 -5.931440
-2.848430 2.723960 -5.041010
-2.637790 2.704810 -4.648450
-2.034590 2.685660 -3.872910
-0.971820 1.881400 -2.771840
-0.071810 1.153730 -1.823950
0.205850 0.799480 -1.958000
-0.014360 0.885650 -2.312260
-0.311170 0.464370 -1.383520
0.253730 -0.263300 0.282450
0.971820 0.014360 1.086710
1.498420 -0.004790 0.694160
1.766510 -0.713300 0.205850
1.833530 -0.694160 0.675010
1.986720 -0.971820 1.718630
2.446300 -1.019690 2.216510
3.576100 -0.540960 2.455870
4.265470 0.138830 4.897390
3.461200 0.646280 5.682500
3.240990 0.263300 5.108030
4.619720 0.406920 4.399510
6.324000 -0.205850 5.194200
6.448470 1.125010 8.966580
5.596330 2.848430 9.866590
5.423990 3.528230 9.234660
6.821870 3.212260 7.578260
8.420830 -0.588840 6.821870
7.405920 -0.895220 10.019780
6.716550 2.752690 11.130430
7.415500 6.486770 11.609150
9.301690 9.876160 10.843190
11.542130 4.409090 9.397430
11.034680 -5.979310 7.147410
8.152740 -8.880400 6.352720
7.587840 -0.205850 8.420830
11.082550 7.118690 11.140000
13.926200 8.861260 14.893230
13.418750 2.005870 14.548550
11.082550 -6.927190 10.910210
7.271880 -4.677170 9.407000
8.554870 2.340980 12.279370
11.695330 5.098450 14.816630
12.384690 3.394180 15.008120
11.015530 -1.326080 12.959170
8.736790 -3.748440 10.661270
7.769760 -2.666510 10.268720
9.368710 -0.588840 10.575100
11.187870 0.665430 11.130430
10.833610 0.770750 11.245320
10.192120 -0.493090 10.259140
9.876160 -1.000540 9.253810
9.933610 -0.675010 8.401680
10.278290 -0.703730 7.999550
9.703820 -0.627130 7.674010
9.100620 -0.330320 7.291030
9.129340 0.119680 6.898470
9.234660 0.339900 6.381440
9.043170 0.062230 6.276120
8.928280 -0.330320 6.113360
9.043170 -0.244150 6.017610
9.196370 0.119680 6.247400
9.378280 0.282450 6.371870
9.541050 -0.033510 5.873990
9.454880 -0.052660 5.567610
9.483600 -0.569690 5.462290
9.292110 -0.713300 5.471860
8.937850 -0.732450 5.653780
9.043170 -0.914370 5.519730
9.320830 -0.655860 5.328240
9.512330 -0.196280 5.806970
9.301690 -0.406920 6.132510
8.918700 -0.943090 5.826120
8.851680 -1.268630 5.309090
8.909130 -0.856920 5.117600
8.909130 -0.167550 5.433560
9.033600 -0.301600 5.529310
8.995300 -0.617560 5.021860
9.368710 -0.981390 4.993130
