-8.210190 2.283530 -2.111190
-8.286780 2.465450 -1.919700
-8.267630 2.580340 -1.766510
-8.229340 2.561200 -1.881400
-8.210190 2.159060 -1.814380
-8.315510 2.187790 -1.938850
-8.344230 2.408000 -2.053740
-8.200610 2.685660 -1.986720
-8.162310 2.302680 -1.776080
-8.238910 2.331410 -1.785660
-8.114440 2.044170 -1.728210
-8.171890 1.881400 -1.728210
-8.334650 2.120770 -1.795230
-8.344230 2.494170 -1.843100
-8.238910 2.599490 -2.178210
-8.382530 2.570770 -2.513320
-8.439980 2.810130 -2.752690
-8.411250 3.145240 -2.465450
-8.430400 3.509080 -2.340980
-8.363380 3.547370 -2.494170
-8.363380 3.154820 -2.561200
-8.372950 2.771840 -2.599490
-8.334650 2.743110 -2.302680
-8.325080 2.867580 -2.072890
-8.219760 2.551620 -2.015450
-8.267630 2.092040 -2.101620
-8.286780 2.034590 -2.092040
-8.152740 2.120770 -1.986720
-8.143160 2.149490 -1.890980
-8.143160 2.168640 -1.823950
-8.219760 2.053740 -1.862250
-8.392100 2.187790 -1.996300
-8.258060 2.321830 -1.938850
-8.248480 2.427150 -2.063320
-8.344230 2.379280 -2.015450
-8.363380 2.484600 -2.063320
-8.334650 2.484600 -1.996300
-8.344230 2.436730 -2.053740
-8.439980 2.532470 -2.197360
-8.468700 2.551620 -2.197360
-8.478270 2.484600 -2.331410
-8.602740 2.465450 -2.704810
-8.794230 2.465450 -3.020770
-8.918700 2.618640 -2.905880
-9.062320 2.685660 -2.513320
-9.311260 2.704810 -2.178210
-10.029350 2.934600 -2.187790
-10.546380 3.336730 -2.513320
-11.321920 2.944180 -2.810130
-11.475110 2.532470 -4.045250
-10.737870 2.790980 -2.628220
-13.600660 3.269710 -5.854840
-11.034680 2.245230 -7.750610
-9.895310 5.328240 -7.587840
-10.814470 4.600580 -8.478270
-11.120850 1.785660 -8.957000
-10.441060 2.427150 -9.148490
-9.655940 2.656940 -9.684670
-9.205940 1.632460 -10.230420
-8.621890 1.010120 -10.603830
-8.382530 0.990970 -10.833610
-7.846350 0.933520 -11.561280
-7.013370 1.134590 -11.972990
-6.276120 0.990970 -11.168730
-5.969740 0.828200 -10.699570
-4.897390 1.115440 -10.460210
-3.662270 1.996300 -9.933610
-3.020770 2.340980 -10.105950
-2.484600 2.254810 -10.747440
-1.890980 2.331410 -11.015530
-1.259050 2.302680 -10.239990
0.205850 0.981390 -8.507000
1.546290 1.220760 -7.137830
2.972900 1.297350 -5.500590
4.380360 -0.148410 -3.939930
5.462290 -1.144160 -2.877160
6.075060 -0.397340 -1.919700
6.285700 0.052660 -1.335650
6.065480 -1.718630 -1.134590
5.739950 -1.958000 -0.205850
5.404840 -0.387770 0.818620
5.031430 0.531390 1.268630
4.495260 0.866500 1.699480
4.820790 0.397340 2.819710
4.485680 -0.971820 2.503750
3.805890 -1.479270 2.216510
4.629300 0.014360 2.944180
6.649530 1.163310 5.318670
7.147410 1.469690 8.296360
6.572940 2.044170 10.038930
6.295270 1.268630 9.569770
7.089960 -0.090960 7.367620
7.645290 0.119680 9.722970
6.946340 3.317590 13.658110
7.147410 3.288860 14.797480
8.238910 1.594160 12.135760
9.445300 -3.595250 9.387860
7.855930 -1.460120 12.403840
8.210190 2.992050 15.735790
9.052750 5.510160 16.013450
10.986810 2.858010 13.830450
11.838940 -1.661190 11.858090
10.287870 -1.785660 12.748530
9.866590 1.144160 14.778330
10.125100 4.504830 14.883650
11.609150 4.878240 14.088960
11.771920 1.689910 12.815550
9.502750 -2.331410 12.040010
7.683580 -1.804800 10.833610
8.918700 2.149490 11.982560
10.699570 3.633550 12.432570
10.096370 2.408000 12.059160
8.267630 -0.339900 11.570860
8.143160 -1.460120 10.134670
9.339980 1.019690 9.933610
9.857010 2.273960 10.565530
8.899550 1.259050 10.335740
8.171890 -0.646280 9.435730
8.535720 -0.742030 8.631470
9.186790 0.330320 8.650620
9.186790 0.847350 8.124010
8.574020 0.454790 7.654860
8.124010 -0.426070 7.348470
8.478270 -0.780330 6.716550
8.775080 0.110110 6.572940
8.583590 0.866500 7.147410
8.363380 -0.540960 6.094210
8.344230 -0.971820 5.893140
8.296360 -0.320750 6.075060
8.248480 0.301600 6.486770
8.191040 0.138830 6.553790
8.095290 -0.196280 6.142080
8.133590 -0.560110 5.826120
8.152740 -0.866500 5.462290
7.989970 -0.732450 5.634630
8.162310 1.105860 7.051660
8.258060 0.186700 6.639960
8.382530 -0.196280 6.276120
8.554870 -0.330320 6.084630
