-8.219760 3.212260 -1.412250
-8.315510 3.135670 -1.335650
-8.325080 3.183540 -1.373950
-8.248480 3.240990 -1.373950
-8.191040 3.202690 -1.268630
-8.104870 3.039920 -1.249480
-8.047420 3.001620 -1.326080
-8.009120 3.030350 -1.373950
-7.970820 3.049500 -1.383520
-7.999550 3.116520 -1.326080
-7.970820 3.068650 -1.402670
-7.922950 3.020770 -1.517570
-7.989970 3.221840 -1.335650
-8.018690 3.164390 -1.259050
-8.037840 3.030350 -1.354800
-8.037840 3.001620 -1.345230
-8.056990 3.097370 -1.230330
-8.181460 3.346310 -1.259050
-8.238910 3.528230 -1.239910
-8.334650 3.614400 -1.278200
-8.430400 3.595250 -1.316500
-8.468700 3.489930 -1.354800
-8.554870 3.537800 -1.316500
-8.679340 3.432480 -1.297350
-8.813380 3.078220 -1.555870
-8.851680 2.953750 -1.833530
-8.937850 3.384610 -1.996300
-9.263390 3.892060 -1.967570
-9.359130 3.250560 -1.450550
-9.560200 2.972900 -1.440970
-9.445300 3.068650 -1.632460
-9.512330 3.461200 -2.015450
-9.569770 4.495260 -2.178210
-9.502750 5.155900 -2.647370
-9.368710 5.328240 -2.867580
-9.024020 4.380360 -2.905880
-9.110190 4.045250 -3.509080
-8.985730 4.600580 -4.045250
-8.947430 5.605900 -5.088880
-8.784660 6.620810 -5.969740
-8.535720 6.496340 -5.893140
-8.267630 5.950590 -5.950590
-7.769760 5.433560 -6.630380
-7.176130 5.404840 -7.501670
-7.367620 6.706980 -8.392100
-7.597410 7.434650 -8.478270
-7.271880 7.147410 -8.784660
-6.678260 6.352720 -9.301690
-6.582510 6.467620 -9.531480
-6.544210 7.099540 -9.330410
-6.285700 8.104870 -9.110190
-6.008040 8.717640 -8.564440
-5.529310 7.846350 -8.200610
-5.021860 7.415500 -8.085720
-4.753770 8.325080 -7.674010
-4.102700 8.746360 -7.166560
-3.442050 8.133590 -6.706980
-2.781410 7.118690 -6.295270
-2.005870 6.352720 -6.027190
-1.201610 5.644200 -5.596330
-0.684580 5.289940 -5.596330
-0.368620 4.792070 -5.213350
0.646280 2.580340 -3.671840
1.373950 1.890980 -2.905880
1.852680 1.795230 -2.235660
1.938850 1.345230 -1.211180
2.111190 0.062230 -0.636710
2.206940 -0.732450 -0.349470
2.235660 -0.742030 -0.454790
2.216510 -0.502660 0.014360
1.967570 -0.560110 1.230330
1.632460 -1.230330 2.139910
1.239910 -1.479270 2.178210
1.709060 -1.326080 2.005870
3.346310 -1.287780 3.212260
4.543130 -1.306930 5.337820
4.370790 -2.551620 6.295270
3.317590 -2.848430 4.763340
3.509080 -3.298440 2.599490
4.437810 -4.064400 3.422910
4.236740 -4.705900 5.988890
3.240990 -5.462290 7.731460
2.580340 -4.878240 5.644200
3.260140 -4.638870 3.279290
3.949510 -5.404840 6.678260
4.839940 -7.865500 10.785740
5.146330 -8.171890 11.034680
5.194200 -4.351640 8.612320
7.434650 -3.959080 7.788900
9.857010 -6.410170 10.661270
10.881490 -8.411250 14.366630
10.163400 -8.736790 12.758100
9.426150 -7.243150 8.641040
9.560200 -7.539970 7.760180
10.402760 -8.171890 9.148490
13.428320 -5.816550 12.949590
12.710230 -3.690990 12.873000
12.068730 -3.365460 13.074060
12.987890 -3.298440 13.054910
14.433650 -3.623970 12.470860
13.495340 -5.251650 11.513410
11.905970 -6.563360 9.991050
11.283620 -5.548460 9.330410
11.005960 -2.025020 10.546380
11.178300 0.818620 11.245320
11.025110 1.297350 10.508080
10.584680 0.292020 9.129340
9.722970 -1.038840 8.363380
8.889980 -1.440970 8.286780
9.330410 -1.067560 8.296360
10.125100 -0.129260 8.028270
10.431480 0.110110 7.319750
9.694240 -0.416490 6.888900
9.062320 -1.565440 6.697400
9.474030 -2.542050 5.988890
9.895310 -1.689910 5.854840
10.268720 -0.809050 5.873990
10.421910 -0.923950 5.500590
9.943180 -1.632460 5.261220
9.407000 -2.187790 4.973980
9.588920 -2.264380 4.782490
9.799560 -1.440970 5.012280
9.847440 -0.780330 5.127180
9.818710 -0.646280 4.839940
9.483600 -1.172880 4.571850
8.966580 -1.507990 4.265470
9.033600 -1.546290 4.236740
9.407000 -1.316500 4.322910
9.435730 -1.172880 4.332490
9.129340 -1.287780 4.246320
9.024020 -1.469690 4.169720
9.196370 -1.450550 4.150570
9.378280 -1.278200 4.303770
9.493180 -1.201610 4.275040
9.493180 -1.345230 4.275040
9.407000 -1.326080 4.313340
9.598500 -1.460120 4.418660
9.655940 -1.182460 4.600580
9.627220 -1.316500 4.485680
