-8.420830 2.302680 -1.689910
-8.593170 2.331410 -1.929270
-8.736790 2.475020 -2.120770
-8.641040 2.743110 -2.072890
-8.507000 2.752690 -1.986720
-8.487850 2.331410 -1.890980
-8.487850 2.254810 -1.862250
-8.411250 2.331410 -2.111190
-8.238910 2.015450 -2.475020
-8.191040 2.015450 -2.810130
-8.114440 2.092040 -2.905880
-8.037840 2.092040 -2.819710
-7.989970 2.264380 -2.848430
-7.932520 2.532470 -2.963330
-7.827200 2.484600 -2.886730
-7.836780 2.628220 -2.848430
-7.865500 2.752690 -2.790980
-7.836780 2.503750 -2.561200
-7.932520 2.245230 -2.312260
-8.009120 2.494170 -2.379280
-7.951670 2.618640 -2.503750
-7.980400 2.475020 -2.542050
-8.095290 2.503750 -2.637790
-8.219760 2.542050 -2.561200
-8.143160 2.570770 -2.494170
-8.066570 2.475020 -2.723960
-8.191040 2.408000 -3.001620
-8.219760 2.637790 -2.915450
-8.133590 2.666510 -2.618640
-8.191040 2.580340 -2.513320
-8.114440 2.465450 -2.599490
-8.124010 2.398430 -2.676090
-8.899550 2.771840 -3.298440
-10.067650 2.723960 -4.026100
-10.737870 3.106940 -4.571850
-11.092130 3.039920 -5.538880
-11.025110 2.982480 -6.209100
-10.948510 2.810130 -6.649530
-9.033600 2.226090 -4.198450
-9.464450 1.709060 -5.213350
-10.824040 2.628220 -9.014450
-8.210190 2.331410 -2.695240
-8.238910 2.484600 -2.580340
-8.085720 2.561200 -2.589920
-8.191040 2.484600 -2.810130
-8.258060 2.408000 -3.106940
-8.392100 2.398430 -3.288860
-8.305930 2.417580 -3.240990
-8.315510 2.561200 -3.164390
-8.554870 2.589920 -3.126090
-8.698490 2.599490 -3.200000
-9.234660 4.686750 -8.258060
-9.368710 5.663350 -8.937850
-8.995300 2.034590 -9.971900
-8.535720 0.665430 -9.885730
-8.124010 0.387770 -9.081470
-7.855930 -0.177130 -9.445300
-7.377200 0.292020 -10.929360
-6.630380 0.952670 -12.394270
-5.826120 1.249480 -12.959170
-5.012280 1.268630 -12.413420
-4.839940 1.048410 -11.216600
-4.677170 0.646280 -10.402760
-3.758010 0.923950 -10.335740
-2.819710 0.359050 -10.795320
-1.977150 -0.033510 -10.460210
-0.962240 0.799480 -9.071900
-0.062230 0.301600 -6.917620
0.617560 0.359050 -5.672930
1.670760 0.292020 -3.959080
2.838860 0.981390 -1.977150
3.556950 1.651610 -0.588840
3.461200 2.925030 0.502660
3.317590 3.585670 1.555870
2.886730 1.182460 0.742030
2.264380 -1.507990 -0.454790
1.766510 -1.967570 0.081380
2.388850 0.502660 1.804800
3.260140 2.436730 3.528230
3.978230 1.689910 3.595250
4.476110 -1.402670 2.206940
3.662270 -1.804800 2.781410
3.576100 -0.990970 4.983560
5.031430 -0.761180 6.802730
7.348470 -0.445220 9.569770
6.247400 -2.273960 9.244240
6.170800 -0.943090 9.876160
7.358050 1.575020 11.044250
7.683580 2.494170 12.461290
7.042090 3.173970 12.834700
7.836780 1.048410 11.657030
8.736790 -1.230330 10.699570
8.114440 -3.173970 9.129340
7.846350 -5.155900 8.755940
7.760180 -3.327160 10.220840
7.444220 1.756930 13.562360
7.817630 3.078220 14.395350
8.698490 0.876070 12.719800
8.976150 -2.819710 10.125100
8.669760 -4.830370 9.359130
9.330410 -2.273960 11.274040
10.182540 2.264380 13.600660
10.546380 2.427150 13.591090
10.632550 -0.770750 12.068730
10.316590 -2.992050 11.274040
10.163400 -2.226090 11.570860
10.201690 -0.263300 12.097460
9.809140 1.268630 12.317670
9.732540 0.684580 12.020860
10.019780 -0.809050 10.632550
9.952760 -1.670760 9.474030
9.196370 -1.249480 9.426150
8.937850 -0.655860 9.435730
9.177220 0.368620 9.263390
9.215510 0.426070 8.736790
8.889980 -0.435640 8.066570
8.832530 -0.761180 7.798480
8.918700 -0.148410 7.779330
8.803810 0.876070 8.200610
8.765510 0.943090 8.018690
8.765510 -0.110110 7.224010
8.813380 -1.000540 6.659110
8.813380 -0.952670 6.582510
8.842110 -0.732450 6.668680
8.641040 -0.675010 6.400590
8.535720 -0.454790 6.362300
8.736790 -0.540960 6.333570
8.832530 -0.751600 5.998460
8.583590 -0.426070 6.036760
8.363380 -0.473940 6.065480
8.143160 -0.359050 5.931440
8.296360 -0.215430 5.921870
8.497420 -0.416490 5.921870
8.315510 -0.435640 6.103780
8.171890 -0.004790 6.247400
8.411250 -0.445220 6.036760
8.372950 -0.770750 5.806970
8.344230 -0.655860 5.941020
8.277210 -0.684580 5.921870
