-8.315510 2.197360 -2.398430
-8.430400 1.546290 -2.254810
-8.526150 1.862250 -2.092040
-8.516570 2.072890 -2.187790
-8.392100 2.005870 -2.379280
-8.430400 1.958000 -2.455870
-8.497420 2.206940 -2.302680
-8.392100 2.178210 -2.130340
-8.401680 1.881400 -2.044170
-8.382530 1.900550 -2.015450
-8.411250 2.005870 -2.005870
-8.430400 1.986720 -2.235660
-8.420830 1.776080 -2.187790
-8.363380 1.737780 -1.977150
-8.315510 1.852680 -1.756930
-8.344230 1.804800 -1.766510
-8.363380 1.823950 -1.967570
-8.382530 1.938850 -1.996300
-8.325080 1.986720 -1.986720
-8.382530 1.852680 -2.034590
-8.372950 1.919700 -1.919700
-8.344230 2.025020 -1.852680
-8.392100 1.996300 -1.938850
-8.392100 2.053740 -1.938850
-8.372950 2.044170 -1.900550
-8.411250 1.948420 -1.910120
-8.459130 1.958000 -1.938850
-8.497420 1.804800 -1.795230
-8.516570 1.938850 -1.871830
-8.468700 1.948420 -1.929270
-8.554870 1.680340 -1.948420
-8.583590 1.546290 -2.034590
-8.688910 1.785660 -2.178210
-8.794230 1.728210 -2.283530
-9.033600 1.689910 -2.455870
-9.387860 2.111190 -2.781410
-9.847440 2.293110 -3.298440
-10.172970 2.111190 -3.384610
-10.441060 1.958000 -3.240990
-10.747440 2.005870 -3.308010
-10.986810 2.092040 -3.585670
-11.025110 2.283530 -3.585670
-10.871910 2.321830 -4.064400
-9.962330 1.967570 -3.317590
-10.747440 1.910120 -3.777160
-10.393190 1.105860 -4.763340
-9.694240 1.575020 -6.515490
-9.713390 1.699480 -6.142080
-9.742120 2.340980 -6.515490
-9.531480 1.345230 -6.946340
-9.301690 1.345230 -7.836780
-8.784660 1.182460 -8.037840
-8.564440 1.010120 -8.650620
-8.468700 0.713300 -9.234660
-8.133590 1.019690 -10.058080
-7.760180 1.192030 -10.699570
-7.099540 0.818620 -10.536800
-6.659110 0.895220 -9.962330
-6.209100 1.105860 -9.368710
-5.682500 2.216510 -9.397430
-5.251650 2.848430 -9.110190
-4.782490 2.273960 -8.602740
-4.332490 1.450550 -8.593170
-3.844190 1.929270 -8.985730
-3.327160 2.187790 -8.018690
-2.532470 1.948420 -6.716550
-1.613310 1.871830 -5.615480
-0.607980 1.804800 -4.217590
0.205850 1.364370 -3.432480
0.665430 0.617560 -2.494170
1.163310 0.129260 -1.929270
1.680340 -0.502660 -1.364370
1.833530 -0.464370 -0.521810
1.958000 -0.272870 -0.004790
1.594160 -0.301600 -0.311170
1.335650 -1.230330 -0.866500
1.220760 -1.479270 -0.770750
1.670760 0.359050 0.713300
2.139910 2.245230 2.609070
2.427150 2.714390 4.820790
3.250560 1.776080 4.830370
3.556950 -0.110110 4.744190
2.838860 0.684580 6.515490
2.819710 3.221840 9.244240
3.576100 4.284620 10.038930
3.853760 1.460120 8.698490
3.690990 -0.569690 9.339980
3.346310 1.278200 11.810220
3.068650 2.896300 12.834700
3.126090 1.900550 11.063400
3.451630 -1.163310 8.535720
3.690990 -2.168640 8.612320
4.389940 0.895220 10.967660
5.127180 3.346310 12.681500
5.261220 2.800560 12.183630
5.873990 -0.397340 10.479360
6.678260 -2.015450 10.125100
7.539970 0.205850 11.905970
8.037840 3.212260 12.930440
8.171890 2.609070 12.202780
7.846350 -0.186700 10.843190
7.961250 -1.048410 11.044250
8.545290 3.145240 13.485770
9.177220 5.538880 14.251730
9.483600 4.629300 12.394270
9.349560 0.780330 10.134670
7.798480 -2.484600 8.363380
7.587840 -3.269710 7.013370
8.162310 -0.550540 7.932520
8.124010 1.220760 10.412330
8.056990 2.321830 11.178300
8.947430 2.656940 11.015530
9.244240 1.048410 10.038930
8.286780 -1.354800 8.593170
7.606990 -1.632460 8.277210
7.788900 -0.043090 8.832530
8.526150 0.540960 9.301690
8.813380 0.799480 9.655940
8.889980 0.397340 9.301690
8.372950 -0.722880 8.468700
7.817630 -1.192030 8.296360
8.047420 0.330320 9.091040
8.698490 1.460120 9.158070
8.794230 1.019690 8.535720
8.392100 -0.100530 7.750610
7.913370 -0.751600 7.415500
8.143160 -0.914370 7.243150
8.516570 0.138830 7.549540
8.545290 0.971820 8.037840
8.468700 0.378200 7.674010
8.258060 -0.215430 7.080390
8.382530 -0.655860 6.898470
8.449550 -0.416490 6.745280
8.238910 -0.244150 6.860170
8.085720 -0.330320 6.745280
8.143160 0.062230 6.764430
8.363380 0.023940 6.793150
8.392100 -0.493090 6.304850
8.133590 -0.502660 6.142080
