-7.559120 4.035680 -2.829280
-7.587840 4.016530 -2.886730
-7.731460 3.576100 -2.522900
-7.808050 3.576100 -2.522900
-7.836780 3.796310 -2.369700
-7.827200 3.767590 -2.369700
-7.836780 3.556950 -2.542050
-7.846350 3.403760 -2.551620
-7.855930 3.556950 -2.580340
-7.894220 3.681420 -2.704810
-7.913370 3.690990 -2.733540
-7.865500 3.796310 -2.666510
-7.654860 3.968660 -2.982480
-7.645290 3.777160 -2.944180
-7.616560 3.710140 -2.704810
-7.674010 3.959080 -2.408000
-7.798480 4.102700 -2.312260
-7.798480 3.987800 -2.369700
-7.769760 3.681420 -2.408000
-7.827200 3.623970 -2.494170
-7.817630 3.738870 -2.465450
-7.702730 3.758010 -2.494170
-8.028270 3.748440 -2.628220
-8.114440 3.547370 -2.647370
-7.989970 3.758010 -2.762260
-7.903800 3.872910 -2.752690
-8.056990 3.987800 -2.589920
-8.104870 3.978230 -2.427150
-8.114440 4.064400 -2.283530
-8.085720 4.217590 -1.766510
-8.765510 4.054830 -2.235660
-9.263390 4.188870 -3.087800
-8.976150 4.208020 -2.829280
-9.253810 4.629300 -2.819710
-8.995300 4.533550 -3.240990
-8.928280 4.236740 -3.748440
-8.593170 3.710140 -4.370790
-8.392100 3.585670 -4.763340
-8.334650 3.939930 -4.811220
-8.047420 4.073980 -5.443140
-7.511240 3.020770 -7.578260
-7.626140 3.173970 -7.080390
-7.348470 3.509080 -7.721880
-7.128260 3.518650 -8.698490
-6.984640 4.035680 -8.880400
-6.793150 3.959080 -9.071900
-6.477190 3.135670 -9.148490
-6.008040 3.183540 -9.971900
-5.682500 4.083550 -10.938940
-5.931440 4.734620 -11.455960
-5.787820 4.514410 -11.178300
-5.692080 4.131420 -11.025110
-5.739950 4.495260 -10.967660
-5.969740 5.213350 -11.427240
-6.668680 5.519730 -11.896390
-6.841020 5.797400 -12.432570
-5.979310 5.692080 -12.250650
-5.242070 4.667600 -11.475110
-5.433560 4.581430 -10.460210
-5.184620 4.619720 -9.799560
-4.418660 4.179300 -10.077230
-3.537800 4.514410 -10.546380
-1.948420 2.953750 -9.100620
-0.751600 1.067560 -7.204860
-0.014360 0.990970 -6.553790
0.646280 2.226090 -6.620810
1.728210 2.312260 -5.203770
3.422910 -0.387770 -3.308010
4.485680 -2.293110 -3.183540
4.686750 -2.187790 -4.255890
4.629300 -1.555870 -3.451630
4.983560 -1.536720 -1.699480
5.337820 -1.670760 0.157980
5.213350 -1.479270 0.454790
4.514410 -1.469690 -0.684580
4.083550 -1.747360 0.234580
3.690990 -0.435640 2.618640
3.959080 0.598410 3.442050
3.671840 2.264380 3.011200
3.738870 2.350550 2.628220
4.188870 0.004790 2.963330
6.065480 -1.632460 5.261220
7.396350 0.406920 7.176130
7.769760 3.365460 6.879320
8.736790 2.628220 7.654860
8.880400 0.464370 9.043170
9.292110 -1.460120 9.531480
9.004870 2.360130 9.033600
11.369790 4.389940 9.071900
12.786830 1.823950 10.814470
12.068730 -3.805890 10.402760
9.770840 -1.134590 10.297440
10.680420 5.941020 13.198530
13.782580 8.985730 16.185790
16.674100 4.265470 14.452800
15.151740 -5.079300 11.752770
10.249570 -6.706980 9.588920
8.937850 -0.828200 11.082550
10.996380 7.712310 12.490010
16.281540 9.282540 14.826210
16.683670 1.479270 14.797480
11.015530 -3.844190 11.791070
8.363380 -2.025020 10.431480
10.307010 3.355880 10.938940
12.940020 4.428230 12.940020
11.915540 1.469690 13.370870
9.483600 -1.747360 11.436810
8.995300 -0.607980 11.149580
10.134670 1.967570 11.293190
10.862340 0.990970 10.498510
10.680420 -0.033510 9.043170
10.278290 -0.990970 8.171890
9.981480 -1.105860 7.961250
10.249570 -0.521810 7.434650
10.326160 -0.023940 6.726130
9.952760 -0.416490 6.161230
9.531480 -1.172880 5.672930
9.378280 -0.722880 5.328240
9.876160 -0.483520 5.337820
9.904880 -0.665430 5.041010
9.435730 -0.665430 5.012280
9.320830 0.349470 5.251650
9.770840 0.263300 5.519730
9.952760 -0.378200 5.203770
9.876160 -1.259050 4.581430
9.464450 -1.211180 4.284620
9.483600 -0.713300 4.361210
9.531480 -0.062230 4.523980
9.742120 -0.090960 4.667600
9.857010 -0.234580 4.763340
9.885730 -0.426070 4.705900
9.789990 -0.445220 4.543130
9.694240 -0.598410 4.370790
9.694240 -0.751600 4.217590
9.722970 -0.540960 4.121850
9.675090 -0.100530 4.217590
9.703820 0.043090 4.504830
9.646370 -0.292020 4.313340
9.598500 -0.684580 4.093120
