-7.875080 2.733540 -3.767590
-7.942100 2.570770 -2.992050
-8.018690 2.494170 -2.944180
-8.095290 2.618640 -3.183540
-8.066570 2.628220 -3.212260
-8.114440 2.360130 -3.260140
-8.171890 2.101620 -3.135670
-8.095290 2.159060 -2.896300
-8.056990 2.388850 -2.589920
-8.085720 2.637790 -2.695240
-8.210190 2.589920 -3.145240
-8.124010 3.087800 -3.499500
-8.095290 2.829280 -3.729290
-8.076140 2.350550 -3.662270
-7.980400 2.503750 -3.700570
-8.037840 2.589920 -3.652690
-7.961250 2.484600 -3.480350
-7.903800 2.331410 -3.384610
-7.942100 2.302680 -3.537800
-7.942100 2.283530 -3.729290
-7.913370 2.264380 -3.796310
-7.970820 2.360130 -3.997380
-8.085720 2.714390 -4.255890
-8.085720 2.896300 -4.073980
-7.989970 2.398430 -3.298440
-8.133590 2.312260 -2.944180
-8.238910 2.475020 -3.135670
-8.459130 2.570770 -3.758010
-9.024020 2.762260 -4.064400
-9.512330 2.819710 -3.920780
-9.474030 2.810130 -4.380360
-9.531480 3.116520 -4.839940
-9.780410 3.279290 -5.136750
-9.713390 2.781410 -4.466530
-10.460210 3.403760 -5.653780
-9.694240 3.470780 -5.548460
-9.579350 3.470780 -5.194200
-9.579350 2.685660 -6.142080
-9.167640 2.044170 -6.639960
-9.052750 2.695240 -7.099540
-9.081470 3.518650 -6.946340
-8.899550 3.547370 -7.166560
-8.899550 2.762260 -7.788900
-8.995300 2.360130 -7.951670
-8.459130 2.647370 -8.851680
-7.922950 1.910120 -9.052750
-7.779330 1.776080 -8.736790
-7.798480 2.005870 -8.708060
-7.338900 2.015450 -9.234660
-6.860170 1.584590 -9.129340
-6.716550 1.575020 -8.889980
-6.659110 2.025020 -8.315510
-6.036760 2.149490 -7.606990
-5.596330 2.130340 -7.750610
-5.567610 2.628220 -7.338900
-5.471860 2.388850 -6.946340
-5.337820 2.503750 -7.492090
-4.887810 3.298440 -7.338900
-4.112270 2.561200 -5.873990
-3.748440 1.948420 -4.638870
-3.308010 2.360130 -4.562280
-2.819710 2.580340 -4.744190
-2.475020 2.120770 -4.658020
-2.197360 0.454790 -3.719720
-1.871830 0.282450 -2.781410
-1.881400 1.900550 -2.417580
-1.977150 2.532470 -2.053740
-1.345230 0.990970 -1.259050
-1.335650 -0.655860 -1.038840
-1.364370 -0.531390 -0.588840
-1.010120 0.071810 0.052660
-0.703730 0.990970 0.493090
-0.904800 0.837770 1.144160
-1.057990 0.473940 1.699480
-0.837770 0.923950 2.197360
-0.138830 0.809050 2.838860
0.665430 0.655860 3.604820
0.770750 1.488840 4.705900
0.004790 1.584590 4.935690
-0.435640 -0.052660 3.777160
0.540960 -1.709060 2.858010
2.455870 -0.167550 6.486770
2.695240 2.723960 9.234660
2.264380 2.580340 9.895310
1.958000 0.742030 7.310180
2.666510 -3.106940 5.079300
3.212260 -1.823950 7.721880
3.499500 1.862250 10.249570
3.997380 2.647370 11.465540
4.887810 1.460120 9.378280
5.462290 -1.479270 8.832530
4.504830 0.225000 10.795320
5.816550 2.063320 11.465540
7.520820 1.163310 9.378280
8.842110 -3.614400 8.095290
7.444220 -4.236740 8.775080
7.463370 -2.254810 10.527230
8.353800 2.149490 12.413420
9.359130 3.604820 12.853850
9.857010 1.488840 11.992140
9.694240 -2.216510 9.675090
9.847440 -3.997380 8.085720
10.058080 -1.756930 9.809140
9.866590 1.689910 12.087880
10.201690 2.092040 12.365540
10.881490 1.259050 11.101700
11.159150 -0.895220 9.761260
9.579350 -2.934600 9.033600
9.215510 1.661190 10.603830
10.661270 4.677170 12.145330
11.417660 3.432480 11.570860
10.479360 -0.675010 9.655940
8.727210 -3.748440 8.277210
8.124010 -3.327160 7.492090
9.062320 0.464370 8.842110
10.307010 3.298440 10.498510
10.594250 2.398430 10.488930
10.038930 -0.971820 8.641040
9.167640 -3.039920 7.367620
8.832530 -2.532470 7.156980
9.349560 -1.431400 7.271880
9.579350 -0.962240 7.166560
9.215510 -1.172880 6.994220
9.158070 -1.823950 6.592080
9.282540 -1.900550 6.036760
9.359130 -1.603740 5.864420
9.062320 -1.029270 6.027190
8.822960 -0.378200 6.199530
9.100620 -0.560110 6.017610
9.330410 -1.144160 5.529310
9.225090 -1.546290 5.031430
9.014450 -1.488840 5.088880
8.842110 -1.115440 5.366540
9.033600 -0.923950 5.538880
9.205940 -0.943090 5.538880
9.330410 -1.326080 5.242070
9.081470 -1.345230 5.136750
8.928280 -1.077140 5.127180
9.138920 -0.981390 5.136750
