-7.903800 2.570770 -3.499500
-7.846350 2.312260 -3.509080
-7.836780 2.273960 -3.489930
-7.903800 2.340980 -3.528230
-7.865500 2.369700 -3.509080
-7.817630 2.340980 -3.470780
-7.855930 2.226090 -3.652690
-7.846350 2.159060 -3.796310
-7.702730 2.168640 -3.815460
-7.808050 2.197360 -3.767590
-7.827200 2.302680 -3.758010
-7.798480 2.436730 -3.719720
-7.769760 2.331410 -3.690990
-7.836780 2.206940 -3.700570
-7.932520 2.273960 -3.690990
-7.875080 2.302680 -3.738870
-7.808050 2.197360 -3.748440
-7.913370 2.216510 -3.805890
-7.942100 2.321830 -3.633550
-7.846350 2.321830 -3.623970
-7.932520 2.053740 -3.911210
-8.028270 1.804800 -3.892060
-7.884650 2.120770 -3.671840
-7.798480 2.331410 -3.681420
-7.932520 2.273960 -3.920780
-7.970820 2.321830 -4.198450
-7.903800 2.197360 -4.054830
-7.989970 2.197360 -4.150570
-8.076140 2.360130 -4.380360
-8.076140 2.561200 -4.514410
-8.018690 2.599490 -4.610150
-8.143160 2.408000 -4.686750
-8.085720 2.312260 -4.552700
-8.162310 2.283530 -4.514410
-8.363380 2.369700 -4.926110
-8.439980 2.408000 -5.088880
-8.392100 2.273960 -4.246320
-9.301690 2.522900 -4.839940
-9.320830 2.800560 -5.404840
-9.349560 3.451630 -6.065480
-9.378280 2.982480 -6.410170
-9.282540 2.331410 -6.735700
-8.803810 1.613310 -5.998460
-8.813380 1.603740 -6.017610
-9.100620 2.609070 -7.195280
-9.167640 3.336730 -8.363380
-9.215510 2.723960 -7.999550
-8.842110 2.149490 -8.392100
-8.219760 2.015450 -9.292110
-8.104870 3.202690 -10.326160
-7.961250 3.499500 -9.924030
-7.606990 2.666510 -9.512330
-7.013370 2.714390 -10.096370
-6.754850 3.528230 -10.527230
-6.391020 3.336730 -10.996380
-6.324000 3.231410 -10.958080
-6.716550 3.317590 -9.598500
-6.639960 3.145240 -8.755940
-5.797400 3.394180 -9.100620
-5.098450 4.198450 -9.129340
-4.811220 3.968660 -8.420830
-4.648450 2.858010 -8.334650
-4.437810 3.623970 -8.449550
-3.710140 3.978230 -7.875080
-2.704810 2.915450 -6.630380
-1.613310 1.737780 -5.376120
-1.048410 1.661190 -4.495260
-0.732450 1.326080 -4.772920
-0.445220 0.904800 -4.782490
0.071810 0.962240 -4.523980
0.684580 -0.062230 -3.738870
1.125010 -0.981390 -3.825040
1.594160 -0.885650 -4.361210
2.034590 -0.703730 -3.614400
2.005870 -0.445220 -2.063320
2.092040 -0.138830 -0.540960
2.092040 0.435640 -0.090960
1.900550 0.090960 -0.397340
1.393100 0.157980 -0.071810
1.575020 -0.052660 0.742030
2.436730 0.368620 1.814380
3.652690 1.297350 2.963330
4.131420 1.019690 3.882480
3.432480 -0.531390 2.513320
4.543130 -1.393100 2.321830
6.726130 1.986720 4.973980
8.095290 4.686750 8.392100
7.922950 2.819710 8.507000
8.583590 -2.542050 5.002710
9.694240 -4.504830 5.002710
10.488930 1.776080 9.828290
10.584680 4.897390 13.246400
10.690000 2.503750 11.618730
11.877240 -2.915450 9.004870
12.241080 -2.197360 9.924030
12.279370 4.073980 14.031520
12.068730 6.324000 15.486850
12.365540 4.045250 13.773010
13.514490 0.588840 11.140000
14.079390 -1.766510 10.824040
13.677260 -1.977150 10.622970
12.873000 0.387770 11.369790
13.217680 5.155900 13.782580
14.510250 5.203770 14.404930
13.677260 1.297350 12.978320
11.264470 -1.871830 10.958080
11.159150 -3.164390 9.809140
12.011290 0.761180 11.283620
12.231500 4.552700 13.677260
10.814470 4.265470 13.571940
10.134670 0.196280 11.321920
10.421910 -1.670760 9.684670
10.871910 -0.694160 9.129340
10.651700 -0.445220 8.909130
9.100620 -0.560110 8.056990
8.851680 -0.713300 7.731460
9.617650 0.320750 7.530390
10.421910 0.215430 7.118690
10.307010 -0.521810 6.304850
9.627220 -0.789900 5.873990
9.454880 -0.368620 5.826120
9.541050 0.751600 5.941020
9.722970 1.450550 6.017610
9.828290 0.368620 5.625050
9.627220 -1.144160 4.677170
9.263390 -1.622890 4.380360
9.100620 -0.780330 4.591000
9.435730 -0.215430 4.725050
9.655940 -0.014360 4.744190
9.655940 -0.263300 4.782490
9.703820 -0.713300 4.610150
9.713390 -0.847350 4.313340
9.550620 -0.780330 4.399510
9.378280 -0.244150 4.830370
9.550620 0.090960 5.194200
9.722970 0.071810 5.108030
9.608070 -0.416490 4.591000
9.474030 -0.397340 4.447380
9.655940 -0.368620 4.878240
