-8.258060 2.321830 -2.886730
-8.229340 2.245230 -2.925030
-8.200610 2.197360 -2.934600
-8.200610 2.283530 -2.867580
-8.248480 2.360130 -2.771840
-8.200610 2.226090 -2.781410
-8.229340 1.986720 -2.982480
-8.181460 2.034590 -2.982480
-8.191040 2.139910 -2.896300
-8.258060 2.120770 -3.078220
-8.248480 2.072890 -3.269710
-8.258060 2.216510 -3.212260
-8.315510 2.283530 -3.269710
-8.516570 2.283530 -3.394180
-8.545290 2.254810 -3.116520
-8.650620 2.331410 -3.164390
-9.167640 2.790980 -3.748440
-9.416580 2.503750 -3.710140
-9.857010 2.321830 -4.188870
-10.096370 2.254810 -4.830370
-9.770840 2.264380 -4.409090
-8.775080 1.910120 -2.360130
-10.642120 1.536720 -5.443140
-10.498510 3.212260 -6.821870
-9.138920 4.954840 -6.333570
-9.445300 4.236740 -6.927190
-9.531480 1.862250 -8.076140
-9.493180 1.756930 -7.750610
-9.004870 2.513320 -6.735700
-8.880400 2.743110 -6.745280
-8.851680 2.139910 -7.836780
-9.110190 1.967570 -7.961250
-8.775080 2.197360 -8.191040
-8.296360 2.015450 -8.372950
-8.325080 2.044170 -8.219760
-8.152740 1.776080 -7.568690
-7.836780 1.345230 -6.429320
-7.731460 1.306930 -6.687830
-7.310180 1.622890 -7.204860
-7.166560 1.958000 -7.128260
-6.984640 1.833530 -6.505910
-6.745280 1.632460 -6.132510
-6.352720 2.283530 -6.065480
-6.122930 2.982480 -6.228250
-6.065480 2.331410 -6.075060
-5.615480 1.747360 -6.352720
-5.050580 1.555870 -5.548460
-4.705900 1.728210 -4.361210
-5.117600 2.139910 -4.447380
-4.523980 1.747360 -4.820790
-3.690990 1.680340 -4.954840
-3.643120 1.823950 -4.351640
-3.729290 1.479270 -3.442050
-3.202690 0.636710 -2.733540
-2.465450 0.263300 -2.915450
-2.427150 0.550540 -2.513320
-2.312260 0.512240 -1.517570
-1.718630 0.349470 -0.655860
-1.182460 0.540960 0.157980
-1.335650 -0.272870 0.665430
-2.484600 -0.713300 0.483520
-2.982480 0.004790 0.990970
-2.790980 0.847350 1.862250
-2.723960 1.287780 2.494170
-3.355880 0.282450 2.082470
-3.585670 -0.742030 1.517570
-2.484600 -0.732450 2.273960
-1.029270 1.747360 4.466530
-0.713300 2.494170 5.548460
-0.818620 1.038840 4.523980
0.990970 -2.120770 3.499500
1.306930 1.670760 6.879320
1.105860 2.886730 8.746360
1.795230 1.737780 7.587840
2.743110 -2.063320 5.548460
2.714390 -2.609070 6.486770
2.618640 1.000540 9.272960
2.771840 3.068650 10.632550
3.260140 1.498420 9.138920
4.054830 -1.393100 8.104870
4.246320 -1.086710 9.742120
4.169720 0.971820 10.948510
4.227170 2.369700 10.632550
5.165480 0.397340 8.976150
5.596330 -1.383520 9.483600
5.960160 -0.368620 10.986810
6.601660 0.885650 11.436810
7.472940 0.397340 10.307010
7.999550 -1.278200 9.416580
8.219760 -1.335650 11.092130
8.641040 1.115440 13.380450
9.081470 3.489930 13.964500
9.598500 3.595250 12.997470
9.914460 0.397340 11.235750
9.062320 -2.532470 10.038930
9.339980 -2.867580 9.770840
10.086800 0.052660 10.929360
9.962330 2.714390 12.221930
9.043170 1.756930 12.164480
8.928280 -0.493090 11.034680
9.694240 -1.038840 10.239990
10.546380 -0.904800 9.627220
9.818710 -2.379280 8.717640
8.468700 -3.777160 7.176130
7.779330 -2.494170 7.338900
8.382530 2.082470 9.943180
9.598500 4.677170 12.097460
10.278290 3.212260 11.130430
10.000630 -0.531390 8.449550
8.315510 -2.120770 7.319750
8.085720 -2.187790 7.137830
9.014450 -0.876070 7.377200
9.368710 0.014360 7.970820
8.746360 0.378200 8.344230
8.765510 -0.521810 8.028270
9.138920 -0.818620 7.396350
9.387860 -1.220760 6.831450
8.880400 -1.527140 6.467620
8.353800 -1.354800 6.391020
8.669760 -1.067560 6.304850
9.062320 -0.454790 6.324000
9.081470 -0.560110 6.247400
8.746360 -0.435640 6.228250
8.650620 -0.569690 6.161230
8.717640 -0.646280 5.816550
8.813380 -0.856920 5.672930
8.641040 -0.378200 5.893140
8.641040 -0.588840 5.759100
8.755940 -0.885650 5.558030
8.870830 -0.981390 5.596330
8.775080 -0.962240 5.644200
8.660190 -0.809050 5.663350
8.688910 -0.473940 5.730370
8.870830 -0.406920 5.759100
8.909130 -0.799480 5.529310
8.755940 -0.876070 5.404840
8.679340 -0.751600 5.529310
8.621890 -0.282450 5.663350
8.688910 -0.090960 5.768670
