-7.375165095144 2.717621577485 4.082776463854
-7.470485482475 2.802798001412 3.993077040777
-7.566959923523 2.888980428190 3.905192048097
-7.664733283503 2.976279681933 3.819566806282
-7.763923428732 3.064773588762 3.736731641553
-7.864590444936 3.154476092108 3.657302449976
-7.966692076308 3.245293117480 3.581969428504
-8.070023260254 3.336963248293 3.511466162584
-8.174140381317 3.428983899265 3.446509171548
-8.278276614819 3.520529080019 3.387697502828
-8.381264303475 3.610373738271 3.335365400265
-8.481492997555 3.696851297805 3.289391514624
-8.576943439699 3.777881393078 3.248987692582
-8.665339405659 3.851105592885 3.212516774073
-8.744439072115 3.914149378848 3.177411409783
-8.812438978661 3.964983528933 3.140266093221
-8.868397685631 4.002298713389 3.097136457715
-8.912535376204 4.025764705576 3.044009083780
-8.946265942676 4.036053838727 2.977338803073
-8.971876054957 4.034572670871 2.894538275358
-8.991844058728 4.022930810410 2.794367081601
-9.007839462406 4.002232844833 2.677272293445
-9.019450415979 3.972292411057 2.545811629422
-9.022710029442 3.930872723944 2.405275956435
-9.008638718251 3.873117661458 2.264469261278
-8.962365286774 3.791480635050 2.136283603670
-8.863823733099 3.676597882010 2.037318951094
-8.691065381099 3.519430768302 1.985688837158
-8.426175459186 3.314342491055 1.996851731950
-8.061661691510 3.061778328720 2.078867642644
-7.603722566915 2.768857688359 2.229690677846
-7.070165393677 2.447285986261 2.438309153231
-6.484298253422 2.109795650776 2.689005367850
-5.868438923843 1.767070207871 2.966173368610
-5.239879966530 1.426286833893 3.257542870274
-4.609833910380 1.091168745158 3.555289331708
-3.984346386708 0.762832823894 3.855683024611
-3.365968096826 0.440799259275 4.158144857670
-2.755451356440 0.123855894140 4.464265081377
-2.153231454682 -0.189269399156 4.776971359013
-1.560728644750 -0.499350482611 5.099784823114
-0.981562868272 -0.806121542700 5.435976799204
-0.422645782063 -1.107714093203 5.787415326182
0.105178779441 -1.400172870467 6.153011790239
0.587642322909 -1.677356513893 6.527036228159
1.009507108950 -1.931676749759 6.898149754453
1.359044400034 -2.155938091939 7.250392705592
1.632939205490 -2.345817195798 7.566770522572
1.838702107763 -2.501698810139 7.834273497048
1.992658899460 -2.628656860277 8.047616780059
2.114642248188 -2.734607608397 8.209637677561
2.222600527123 -2.827880231026 8.328707267413
2.329563061490 -2.915482478026 8.415194828872
2.443226407441 -3.002492542466 8.478742447202
2.567066679767 -3.092283817976 8.526887893214
2.701816165711 -3.187101698120 8.564702266653
2.846645591342 -3.288651324642 8.594885712091
2.999836953650 -3.398532240828 8.617890137989
3.158943523323 -3.518446480642 8.631825224257
3.320486298904 -3.650108638683 8.632058162051
3.479251145479 -3.794740733316 8.610576312191
3.627342220144 -3.952009135799 8.555435240850
3.753411248342 -4.118378880210 8.451015514165
3.842905044830 -4.285292341028 8.280192607496
3.880397253872 -4.438334621363 8.029256686704
3.854304393569 -4.559021514812 7.694660341883
3.762169106123 -4.629811016107 7.287879608687
3.612905402717 -4.640206024813 6.833962740872
3.423800294750 -4.590019310682 6.363386696066
3.214150119402 -4.487787597106 5.902298949003
2.999655996834 -4.346111805842 5.466795179001
2.790002469083 -4.177161410499 5.062603792395
2.589203772505 -3.990111009990 4.687871239173
2.397115897598 -3.790386591741 4.336338042852
2.210900620025 -3.579849653858 3.999544338050
2.025991081828 -3.357210650281 3.667915777130
1.836624293231 -3.118394151670 3.331152725487
1.636264535479 -2.856979066845 2.978545371575
1.418375774518 -2.565167027364 2.599929115570
1.177991429866 -2.235892087298 2.187922738029
0.914122576217 -1.866302334467 1.741444625087
0.632027596113 -1.461513261539 1.268963253263
0.343359650405 -1.035905012568 0.788478815297
0.062883429881 -0.609648645431 0.322359423470
-0.196761519664 -0.201775230716 -0.110603775654
-0.428815082537 0.175643586122 -0.500718831278
-0.632730100078 0.518958329732 -0.847691239465
-0.812065819534 0.830746873244 -1.157307128100
-0.971984360353 1.116581775235 -1.437617589868
-1.117546930941 1.382574715748 -1.696392921503
-1.252944988451 1.634104025525 -1.940006150494
-1.381343000078 1.875405752046 -2.173233603850
-1.505002749203 2.109611263959 -2.399467894230
-1.625488005476 2.338949193793 -2.621041359021
-1.743858416696 2.564969761170 -2.839525970005
-1.860823554237 2.788736666001 -3.055968877136
-1.976855442453 3.010974109066 -3.271063081304
-2.092267081621 3.232173162976 -3.485265748838
-2.207265819255 3.452666287069 -3.698878164408
-2.321989077200 3.672678557590 -3.912098965563
