0.015646379161 -0.006161793560 -0.007688648749
0.012464096517 -0.004917047898 -0.006104006367
0.009281814422 -0.003672302329 -0.004519364637
0.006099533114 -0.002427556888 -0.002934723857
0.002917252950 -0.001182811622 -0.001350084473
-0.000265025544 0.000061933404 0.000234552840
-0.003447301569 0.001306678102 0.001819187049
-0.006629573879 0.002551422331 0.003403816552
-0.009811840352 0.003796165795 0.004988438787
-0.012994096433 0.005040907431 0.006573049332
-0.016176328356 0.006285642279 0.008157639118
-0.019358482889 0.007530346602 0.009742184043
-0.022540340051 0.008774913692 0.011326604721
-0.025721023331 0.010018903163 0.012910618666
-0.028897300658 0.011260660255 0.014493246605
-0.032058337899 0.012494556151 0.016071353344
-0.035171536050 0.013703384408 0.017635953443
-0.038150251688 0.014840443233 0.019164717695
-0.040797046359 0.015795789834 0.020612327066
-0.042753289053 0.016357006258 0.021916462233
-0.043621763705 0.016241271904 0.023082775949
-0.043686806656 0.015420291131 0.024469498856
-0.045464604344 0.014929875702 0.027227212650
-0.054114235230 0.017293100873 0.033087889490
-0.073429475101 0.024714739021 0.042775962621
-0.101860415246 0.036842196935 0.055132855796
-0.135053609410 0.051676410895 0.068489051510
-0.169701404680 0.067503277593 0.081876714149
-0.204191804353 0.083355076208 0.095015450339
-0.237786512829 0.098626848240 0.107992746446
-0.269942256270 0.112645214968 0.121163992924
-0.300158818691 0.124422800734 0.135332395475
-0.328841854116 0.133039536537 0.152115249947
-0.359916510832 0.139781225282 0.173744452515
-0.402180059255 0.151056411826 0.200569573199
-0.461155724438 0.174097089317 0.228547243011
-0.531314907763 0.207821876806 0.253484381826
-0.604320433671 0.245776723448 0.275413246879
-0.676283776501 0.283040624783 0.296728381796
-0.746817592610 0.317051537463 0.320112362648
-0.817368723027 0.346631923124 0.348170197775
-0.890972295730 0.372282170641 0.382996660184
-0.971800444950 0.397302130845 0.424690051184
-1.062869893437 0.427152576850 0.470162196791
-1.163659267391 0.465765790711 0.515019095319
-1.271220492404 0.513061203145 0.557014253930
-1.383146798895 0.566645486082 0.596646046138
-1.498665103361 0.624316306382 0.635376360223
-1.618012153487 0.684779281802 0.674309113651
-1.741668412534 0.747192537620 0.714003065927
-1.870001855359 0.810526061295 0.754892849298
-2.003209332567 0.873134120538 0.797898632114
-2.141321451919 0.932746161946 0.844929208607
-2.284078929630 0.987148412004 0.898805854835
-2.430671426206 1.035555081613 0.962077481421
-2.579660353429 1.079655028700 1.035146639965
-2.729420550157 1.122867868749 1.115587522015
-2.878800915696 1.168219750752 1.199691837384
-3.027371570974 1.216991963645 1.284554249992
-3.175191829714 1.268961879744 1.368838775840
-3.322481920955 1.323274455714 1.452368993117
-3.469433495791 1.379067244142 1.535482309472
-3.616156312722 1.435705024228 1.618617327215
-3.762692194753 1.492791563566 1.702145308230
-3.909050452604 1.550109210577 1.786330395218
-4.055247373455 1.607557650162 1.871327331476
-4.201345821221 1.665112104328 1.957167481034
-4.347491797990 1.722799442185 2.043709539593
-4.493936152786 1.780683808162 2.130544769281
-4.641013361676 1.838851768703 2.216862423145
-4.789031574117 1.897386734737 2.301317085340
-4.938029856273 1.956324713643 2.382007812071
-5.087421790078 2.015593611818 2.456752254893
-5.235697624404 2.074959635209 2.523803119907
-5.380504843251 2.134022014593 2.582859015250
-5.519305692320 2.192273459228 2.635778743629
-5.650322175561 2.249167203221 2.686383530356
-5.773105159251 2.304073981812 2.739448584625
-5.888332080742 2.356048289889 2.799704199774
-5.997017700926 2.403409883594 2.871513022721
-6.099534511360 2.443216235999 2.959153161722
-6.194681295165 2.470819734346 3.067071409283
-6.279002140907 2.479999320070 3.199260511353
-6.346913249680 2.464509314083 3.357104111522
-6.392514751655 2.421494852282 3.536222469452
-6.413031320778 2.355102861813 3.725099981292
-6.411449265726 2.276478408122 3.908584840917
-6.395464097650 2.198776264783 4.074675460309
-6.373557263680 2.131391388373 4.218750386639
-6.351830658186 2.077965217394 4.342583045080
-6.333349282865 2.037941102473 4.450867754795
-6.319043421480 2.008960519807 4.548459435951
-6.308820216697 1.988484773125 4.639181416941
-6.302317406335 1.974504369606 4.725664443159
-6.299296364186 1.965715162572 4.809584233046
-6.299827549013 1.961490491620 4.891957629632
-6.304400446827 1.961827008146 4.973380067973
-6.314043315621 1.967342604610 5.054188064035
-6.330509461717 1.979361687621 5.134562106500
-6.356576420249 2.000110224074 5.214589600128
