0.580194737634 -0.425666635947 0.645175997288
-0.425666635947 1.243820079698 -0.982345050647
0.645175997288 -0.982345050647 1.389529471622
0.575647323578 -0.422378149635 0.640052610753
-0.422378149635 1.234158276978 -0.974599468050
0.640052610753 -0.974599468050 1.378582712033
0.569799314949 -0.418168834671 0.633436404126
-0.418168834671 1.221768976884 -0.964619529666
0.633436404126 -0.964619529666 1.364482005890
0.562328914606 -0.412825482831 0.624937610545
-0.412825482831 1.206003946352 -0.951838254880
0.624937610545 -0.951838254880 1.346429852944
0.552870803079 -0.406118016967 0.614097049718
-0.406118016967 1.186149054782 -0.935600403235
0.614097049718 -0.935600403235 1.323506868103
0.541037446077 -0.397824242861 0.600397097002
-0.397824242861 1.161486546095 -0.915189728633
0.600397097002 -0.915189728633 1.294712124078
0.526464441517 -0.387776822868 0.583292986708
-0.387776822868 1.131417189047 -0.889892499965
0.583292986708 -0.889892499965 1.259055693747
0.508891669576 -0.375942350348 0.562275788225
-0.375942350348 1.095669796047 -0.859115997155
0.562275788225 -0.859115997155 1.215730101435
0.488291618799 -0.362541246499 0.536979174170
-0.362541246499 1.054623178551 -0.822580872321
0.536979174170 -0.822580872321 1.164387477098
0.465049013291 -0.348209403784 0.507337498686
-0.348209403784 1.009745555280 -0.780596390617
0.507337498686 -0.780596390617 1.105534752255
0.440176138086 -0.334183033041 0.473787729295
-0.334183033041 0.964105046518 -0.734398986548
0.473787729295 -0.734398986548 1.041017832513
0.415512038696 -0.322453890386 0.437478236205
-0.322453890386 0.922813200092 -0.686480676775
0.437478236205 -0.686480676775 0.974487938410
0.393806250393 -0.315798935030 0.400406081533
-0.315798935030 0.893146548296 -0.640761334788
0.400406081533 -0.640761334788 0.911639096852
0.378553457095 -0.317560831968 0.365369726004
-0.317560831968 0.884013086563 -0.602403064392
0.365369726004 -0.602403064392 0.859926431469
0.373469869254 -0.331086510166 0.335632853720
-0.331086510166 0.904506033415 -0.577093219278
0.335632853720 -0.577093219278 0.827517591246
0.381625203556 -0.358855382970 0.314283517111
-0.358855382970 0.961612422219 -0.569796828609
0.314283517111 -0.569796828609 0.821483048977
0.404444944294 -0.401520840825 0.303431875228
-0.401520840825 1.057654206840 -0.583273135229
0.303431875228 -0.583273135229 0.845656188590
0.440958880209 -0.457230694326 0.303532075033
-0.457230694326 1.188425000068 -0.616895105105
0.303532075033 -0.616895105105 0.898945449968
0.487645063761 -0.521542789483 0.313117330492
-0.521542789483 1.342866641504 -0.666281821193
0.313117330492 -0.666281821193 0.974836732697
0.538975809207 -0.587993776843 0.329063963253
-0.587993776843 1.504449901482 -0.723897191781
0.329063963253 -0.723897191781 1.062309455570
0.588483862598 -0.649085844539 0.347265623024
-0.649085844539 1.653632529930 -0.780317469239
0.347265623024 -0.780317469239 1.147744975707
0.630067304689 -0.697357391409 0.363482813123
-0.697357391409 1.770470940664 -0.825664261722
0.363482813123 -0.825664261722 1.217123665063
0.659419468565 -0.726373264324 0.374212050783
-0.726373264324 1.836868794210 -0.850875038797
0.374212050783 -0.850875038797 1.258078179625
0.675741106449 -0.731765148370 0.377600881772
-0.731765148370 1.838714684577 -0.848871091022
0.377600881772 -0.848871091022 1.261933188402
0.683932336632 -0.712608724661 0.374521780869
-0.712608724661 1.768670736437 -0.815957284666
0.374521780869 -0.815957284666 1.226201958088
0.696889978716 -0.673162927752 0.369701687912
-0.673162927752 1.630002152580 -0.753629707593
0.369701687912 -0.753629707593 1.157603898515
0.736221041130 -0.624175527208 0.372207546887
-0.624175527208 1.440222481787 -0.670205166159
0.372207546887 -0.670205166159 1.074261958362
0.828497704610 -0.581993059266 0.393993299400
-0.581993059266 1.231132807516 -0.580657857776
0.393993299400 -0.580657857776 1.004068576202
0.995458781721 -0.563965064021 0.445682178018
-0.563965064021 1.041635543037 -0.503003101319
0.445682178018 -0.503003101319 0.976647416193
1.241776058862 -0.581307212347 0.531027869044
-0.581307212347 0.904250201996 -0.451790046832
0.531027869044 -0.451790046832 1.010966282898
1.549046406262 -0.633907098378 0.643845134950
-0.633907098378 0.833025849799 -0.432470607492
0.643845134950 -0.432470607492 1.106379598762
1.881875209482 -0.711099501762 0.770177449672
-0.711099501762 0.821261876880 -0.440616943013
0.770177449672 -0.440616943013 1.244045496448
2.201990913846 -0.797546451431 0.894175866257
-0.797546451431 0.849430465706 -0.465998338688
0.894175866257 -0.465998338688 1.397168511152
2.480470653688 -0.879555782532 1.003443012891
-0.879555782532 0.896006966054 -0.497877044353
1.003443012891 -0.497877044353 1.541955303769
2.702087715433 -0.948285027504 1.091129159253
-0.948285027504 0.944428771419 -0.528268466283
1.091129159253 -0.528268466283 1.663139014104
2.862884908931 -0.999657345766 1.155112897369
-0.999657345766 0.984764609815 -0.552577474247
1.155112897369 -0.552577474247 1.753804861263
2.965136983229 -1.032659059911 1.195992186536
-1.032659059911 1.012241357994 -0.568728325829
1.195992186536 -0.568728325829 1.812441805139
3.012838647589 -1.047505552594 1.215236329895
-1.047505552594 1.025008701110 -0.575965511594
1.215236329895 -0.575965511594 1.839824665278
3.008888504373 -1.044324497089 1.214030910462
-1.044324497089 1.022388905131 -0.573915599862
1.214030910462 -0.573915599862 1.836888422493
2.954028098598 -1.022441167081 1.192871600894
-1.022441167081 1.003954685676 -0.562046316436
1.192871600894 -0.562046316436 1.803803685839
2.847424556644 -0.980189628843 1.151881729857
-0.980189628843 0.969442617020 -0.539495146869
1.151881729857 -0.539495146869 1.740214252552
2.689046547856 -0.915238941486 1.091927415807
-0.915238941486 0.919508134580 -0.505250858880
1.091927415807 -0.505250858880 1.646709675609
2.484099024498 -0.825526817478 1.016625064669
-0.825526817478 0.857338544890 -0.458717708600
1.016625064669 -0.458717708600 1.527653819657
2.249066579672 -0.710854664939 0.934967563381
-0.710854664939 0.790835557164 -0.400646098488
0.934967563381 -0.400646098488 1.394997629902
2.016758805013 -0.574829598116 0.863277941884
-0.574829598116 0.734215869283 -0.334160822569
0.863277941884 -0.334160822569 1.271276381964
1.834891220976 -0.426136346660 0.823932724297
-0.426136346660 0.706806086824 -0.265193250360
0.823932724297 -0.265193250360 1.188160126969
1.753006927039 -0.277678870398 0.838621710283
-0.277678870398 0.727123772701 -0.201462413228
0.838621710283 -0.201462413228 1.177271178802
1.800520493291 -0.143033799019 0.917871045156
-0.143033799019 0.803793976269 -0.149923078975
0.917871045156 -0.149923078975 1.255459190055
1.970185784915 -0.031912360516 1.053897111399
-0.031912360516 0.929459069706 -0.114095772848
1.053897111399 -0.114095772848 1.414322354469
2.221268323993 0.052380761217 1.223334012939
0.052380761217 1.083313205249 -0.093210846232
1.223334012939 -0.093210846232 1.623328159344
2.500196919297 0.112141132732 1.398093030744
0.112141132732 1.240655577641 -0.083593492666
1.398093030744 -0.083593492666 1.844484635930
2.762240621467 0.152504405305 1.556000541771
0.152504405305 1.382151545383 -0.080884951054
1.556000541771 -0.080884951054 2.047117226025
2.981523253227 0.178908351512 1.685210979915
0.178908351512 1.497605614268 -0.081575146994
1.685210979915 -0.081575146994 2.214284705844
3.149335774016 0.195775867417 1.782770830326
0.195775867417 1.584627874648 -0.083444516643
1.782770830326 -0.083444516643 2.341130795023
3.267326478967 0.206215650559 1.850816176674
0.206215650559 1.645260557837 -0.085335422207
1.850816176674 -0.085335422207 2.429864206945
3.340930050903 0.212190621348 1.893090356498
0.212190621348 1.682911378651 -0.086750746921
1.893090356498 -0.086750746921 2.485066645324
3.374972364675 0.214766960901 1.912683421605
0.214766960901 1.700372326791 -0.087537980849
1.912683421605 -0.087537980849 2.510607656564
3.371296912901 0.214269126649 1.910856705846
0.214269126649 1.698797345912 -0.087728969174
1.910856705846 -0.087728969174 2.508007893007
3.327771576084 0.210270162157 1.886612112123
0.210270162157 1.677340823316 -0.087548116924
1.886612112123 -0.087548116924 2.475785318067
3.238410492207 0.201357226461 1.836906666199
0.201357226461 1.633378009873 -0.087633490947
1.836906666199 -0.087633490947 2.409614477122
3.095056189330 0.184583854697 1.757828965870
0.184583854697 1.563602176919 -0.089584561710
1.757828965870 -0.089584561710 2.303659526799
2.891755838392 0.154537440023 1.647440062566
0.154537440023 1.466636188771 -0.096982092728
1.647440062566 -0.096982092728 2.153949119065
2.632882107413 0.102187734809 1.510856562746
0.102187734809 1.347667142376 -0.116839325866
1.510856562746 -0.116839325866 1.964572099131
2.343653324997 0.014383851917 1.366548957196
0.014383851917 1.224126659112 -0.160745887904
1.366548957196 -0.160745887904 1.755611063957
2.076070520832 -0.124106628739 1.249238479126
-0.124106628739 1.128152771283 -0.243791901107
1.249238479126 -0.243791901107 1.567411534737
1.898789276753 -0.324241508704 1.202176553252
-0.324241508704 1.099246852210 -0.379117963028
1.202176553252 -0.379117963028 1.452421198516
1.867271460424 -0.583763477578 1.257160023820
-0.583763477578 1.165764378648 -0.569107809594
1.257160023820 -0.569107809594 1.452014687511
1.992267759922 -0.882594902924 1.414796424364
-0.882594902924 1.326917700192 -0.799671098598
1.414796424364 -0.799671098598 1.572454894463
2.234270950137 -1.188543267866 1.642874156849
-1.188543267866 1.551694161737 -1.044065347307
1.642874156849 -1.044065347307 1.781245622191
2.528226474012 -1.469982987375 1.894401252723
-1.469982987375 1.795870613106 -1.274100081936
1.894401252723 -1.274100081936 2.026790859209
2.814712212114 -1.705852942256 2.128667970271
-1.705852942256 2.021562795826 -1.469825536678
2.128667970271 -1.469825536678 2.262664265607
3.055866070798 -1.887644391726 2.321123461562
-1.887644391726 2.206220791843 -1.622172014028
2.321123461562 -1.622172014028 2.459730416074
3.234397326709 -2.015494222187 2.461691199392
-2.015494222187 2.340882683235 -1.729986656000
2.461691199392 -1.729986656000 2.605062602598
3.345009876258 -2.092848787155 2.548240630955
-2.092848787155 2.424024027253 -1.795461567142
2.548240630955 -1.795461567142 2.695056508585
3.385936226106 -2.122356556936 2.580467266491
-2.122356556936 2.455930365481 -1.820492942283
2.580467266491 -1.820492942283 2.728764465633
3.353509257211 -2.103612334838 2.556064678353
-2.103612334838 2.435408262603 -1.804660819318
2.556064678353 -1.804660819318 2.703731651353
3.240219651581 -2.032678686499 2.469421512328
-2.032678686499 2.359187839558 -1.744831658218
2.469421512328 -1.744831658218 2.614717946058
3.036587577282 -1.903606898125 2.313088941208
-1.903606898125 2.224435464140 -1.636602801384
2.313088941208 -1.636602801384 2.455639101427
2.737705832216 -1.712612282423 2.082704738301
-1.712612282423 2.035042310730 -1.478137870749
2.082704738301 -1.478137870749 2.225431008178
2.354272778941 -1.464973320836 1.785326494723
-1.464973320836 1.810904064667 -1.276308265654
1.785326494723 -1.276308265654 1.937433241295
1.923248074270 -1.181916300168 1.447667824673
-1.181916300168 1.594674538224 -1.052394618121
1.447667824673 -1.052394618121 1.627594431766
1.506905856617 -0.900801469716 1.115929483952
-0.900801469716 1.445283957565 -0.841110471735
1.115929483952 -0.841110471735 1.351453204429
1.171552297047 -0.663050274851 0.840503831214
-0.663050274851 1.412615439483 -0.678319316203
0.840503831214 -0.678319316203 1.163139577562
0.956164746627 -0.495308584813 0.652682335606
-0.495308584813 1.508180473358 -0.583598632973
0.652682335606 -0.583598632973 1.087542406452
0.857183092724 -0.399279604372 0.552610056139
-0.399279604372 1.698897097766 -0.552459462057
0.552610056139 -0.552459462057 1.109924499064
0.841114217372 -0.357878462336 0.517616454713
-0.357878462336 1.929891131153 -0.564287437571
0.517616454713 -0.564287437571 1.191395073715
0.868795844645 -0.349014631070 0.519658831878
-0.349014631070 2.153373468086 -0.596360148353
0.519658831878 -0.596360148353 1.292851788073
0.911223191312 -0.355229681478 0.537170841352
-0.355229681478 2.342453830325 -0.632566278814
0.537170841352 -0.632566278814 1.388643265154
0.952594944636 -0.366136880953 0.557767494668
-0.366136880953 2.489268768744 -0.664701373702
0.557767494668 -0.664701373702 1.467435618293
0.986712025052 -0.376839592834 0.575993112481
-0.376839592834 2.597101779191 -0.690084210941
0.575993112481 -0.690084210941 1.527260499061
1.012538680061 -0.385613122448 0.590277695937
-0.385613122448 2.673527001529 -0.708859773691
0.590277695937 -0.708859773691 1.570522816233
1.031162882731 -0.392217222517 0.600780054292
-0.392217222517 2.726489997234 -0.722217889368
0.600780054292 -0.722217889368 1.600884054126
1.044215058282 -0.396963163447 0.608225761502
-0.396963163447 2.762695518255 -0.731502531092
0.608225761502 -0.731502531092 1.621806915914
1.053209766644 -0.400284582305 0.613393773481
-0.400284582305 2.787252119111 -0.737867656415
0.613393773481 -0.737867656415 1.636072319498
1.059349191371 -0.402573891798 0.616937405485
-0.402573891798 2.803841086530 -0.742197685080
0.616937405485 -0.742197685080 1.645742232464
1.063518693153 -0.404138481517 0.619351157783
-0.404138481517 2.815031001836 -0.745131926613
0.619351157783 -0.745131926613 1.652279746747
1.066344391717 -0.405203205876 0.620990163263
-0.405203205876 2.822580446229 -0.747117608706
0.620990163263 -0.747117608706 1.656697019386
1.068258980610 -0.405926600647 0.622102128664
-0.405926600647 2.827680350326 -0.748461740429
0.622102128664 -0.748461740429 1.659684038560
1.069557567342 -0.406418146421 0.622856980415
-0.406418146421 2.831132454259 -0.749372822917
0.622856980415 -0.749372822917 1.661707305840
1.070439967537 -0.406752565761 0.623370206089
-0.406752565761 2.833475009388 -0.749991642661
0.623370206089 -0.749991642661 1.663080895924
