2.848430 -1.431400 9.416580
2.829280 -1.498420 9.320830
2.810130 -1.737780 9.320830
2.762260 -1.737780 9.320830
2.733540 -1.498420 9.435730
2.628220 -1.259050 9.512330
2.484600 -1.249480 9.435730
2.360130 -1.479270 9.196370
2.408000 -1.575020 9.043170
2.475020 -1.421820 9.177220
2.475020 -1.287780 9.311260
2.475020 -1.306930 9.311260
2.570770 -1.402670 9.148490
2.666510 -1.326080 9.004870
2.704810 -1.077140 8.947430
2.637790 -0.866500 8.717640
2.829280 -0.943090 8.344230
2.886730 -1.057990 7.530390
2.905880 -1.153730 6.841020
3.298440 -0.885650 6.352720
3.604820 -0.435640 5.797400
3.939930 -0.282450 5.088880
4.045250 -0.502660 3.786740
3.920780 -0.866500 2.522900
3.882480 -1.000540 1.766510
3.949510 -1.019690 1.259050
4.246320 -0.866500 0.933520
4.610150 -0.569690 1.010120
4.935690 -0.244150 1.125010
5.356970 -0.215430 1.239910
6.084630 -0.339900 1.383520
6.793150 -0.780330 1.192030
7.769760 -1.460120 1.153730
8.957000 -1.756930 1.268630
10.096370 -1.747360 1.565440
11.168730 -1.718630 1.594160
14.385780 -2.513320 1.613310
16.540050 -2.676090 2.178210
18.416670 -3.269710 2.953750
19.594340 -3.987800 3.422910
19.594340 -4.255890 3.432480
19.594340 -4.868660 3.489930
19.594340 -6.065480 4.380360
19.594340 -6.553790 5.203770
19.594340 -6.295270 5.194200
19.508170 -6.094210 5.749520
18.244330 -5.634630 6.151650
16.597500 -5.376120 5.730370
15.371960 -5.270800 5.529310
14.175140 -5.117600 5.577180
13.552790 -4.638870 6.132510
12.796400 -3.786740 6.410170
11.848520 -3.384610 5.864420
11.197450 -3.643120 5.347390
10.546380 -3.872910 5.079300
9.943180 -3.825040 5.165480
9.588920 -3.470780 5.376120
9.512330 -3.059070 5.845270
9.541050 -2.992050 6.199530
9.541050 -3.164390 6.295270
10.029350 -3.269710 6.132510
10.757020 -3.327160 5.854840
10.757020 -3.748440 5.653780
10.431480 -4.447380 5.347390
11.216600 -4.964410 4.983560
12.490010 -4.638870 5.069730
12.968740 -4.073980 5.529310
13.112360 -4.591000 5.739950
14.079390 -5.404840 5.050580
14.615570 -5.711230 4.849520
14.835780 -6.209100 5.146330
15.735790 -5.998460 5.491010
16.721970 -5.433560 5.979310
16.913460 -4.638870 6.371870
17.066650 -4.581430 7.243150
18.225180 -5.184620 7.425070
19.364550 -5.366540 6.620810
19.594340 -4.859090 5.816550
19.182630 -4.294190 5.912290
19.134760 -3.681420 5.481440
18.933690 -3.202690 5.155900
18.139010 -3.643120 4.533550
17.995390 -4.102700 3.652690
16.836860 -2.810130 3.384610
15.151740 -1.613310 3.710140
14.136840 -1.306930 3.633550
13.121940 -1.814380 2.398430
11.762350 -2.637790 0.971820
10.374040 -2.790980 0.426070
8.889980 -2.159060 0.330320
7.606990 -1.632460 0.301600
6.841020 -1.373950 0.234580
6.046330 -0.933520 0.560110
5.060160 -0.378200 1.163310
4.083550 -0.157980 1.756930
3.212260 -0.157980 2.139910
2.580340 -0.205850 2.465450
2.350550 0.004790 2.666510
1.996300 0.157980 3.260140
1.785660 -0.464370 4.179300
2.025020 -1.134590 4.629300
2.216510 -1.211180 5.194200
1.929270 -1.163310 5.510160
1.450550 -1.431400 5.491010
1.345230 -1.766510 5.720800
