2.532470 -1.680340 9.445300
2.542050 -1.689910 9.483600
2.542050 -1.804800 9.368710
2.465450 -1.900550 9.416580
2.455870 -1.862250 9.502750
2.398430 -1.689910 9.531480
2.408000 -1.680340 9.464450
2.398430 -1.804800 9.435730
2.379280 -1.900550 9.320830
2.446300 -1.843100 9.215510
2.475020 -1.689910 9.177220
2.475020 -1.661190 9.091040
2.503750 -1.766510 8.909130
2.379280 -1.852680 8.296360
2.216510 -1.833530 7.855930
2.283530 -1.632460 7.855930
2.475020 -1.326080 7.798480
2.733540 -1.230330 7.358050
3.068650 -1.268630 5.778250
3.375030 -0.856920 5.222920
3.738870 -0.493090 4.638870
3.930360 -0.521810 3.662270
3.892060 -0.837770 2.704810
3.738870 -1.230330 1.929270
3.805890 -1.431400 1.565440
4.131420 -1.335650 1.354800
4.763340 -1.000540 1.326080
5.404840 -0.598410 1.239910
6.065480 -0.368620 1.364370
6.745280 -0.473940 1.287780
7.310180 -1.077140 1.144160
7.980400 -1.804800 1.000540
8.928280 -2.398430 1.115440
10.153820 -2.369700 1.373950
11.427240 -2.149490 1.507990
12.959170 -2.436730 2.379280
14.634720 -3.049500 3.011200
16.233670 -3.939930 3.116520
17.985810 -4.485680 3.662270
19.354970 -4.935690 4.744190
19.594340 -5.184620 5.491010
19.594340 -5.873990 5.873990
19.594340 -6.946340 6.639960
19.441140 -7.089960 7.520820
18.474110 -6.668680 7.731460
17.631550 -6.170800 7.855930
16.300690 -5.720800 7.855930
14.883650 -5.203770 7.492090
13.820880 -4.619720 7.080390
13.457050 -4.246320 6.850600
12.738950 -3.920780 6.266550
11.321920 -3.604820 6.084630
9.732540 -3.106940 6.228250
9.215510 -2.513320 6.065480
9.502750 -1.728210 6.333570
9.761260 -1.259050 6.888900
9.866590 -1.287780 7.271880
10.038930 -2.025020 7.109110
11.072980 -3.078220 6.563360
11.704900 -3.719720 6.352720
11.676180 -4.313340 6.793150
11.953840 -4.753770 7.386770
12.557040 -4.772920 7.626140
13.466620 -4.562280 7.970820
14.299610 -3.767590 8.392100
15.046420 -3.106940 8.717640
15.525150 -3.710140 8.708060
15.860260 -5.471860 7.741030
16.836860 -6.525060 6.917620
18.004960 -5.356970 6.592080
18.675180 -3.231410 7.204860
18.541140 -2.187790 7.492090
18.311350 -3.135670 6.467620
18.531560 -5.108030 4.705900
18.684750 -5.845270 3.126090
18.139010 -4.227170 3.126090
17.114530 -2.034590 4.064400
16.224090 -0.990970 4.389940
14.941100 -1.517570 3.394180
13.504920 -3.394180 1.460120
12.375120 -4.677170 0.263300
11.216600 -4.485680 0.502660
10.326160 -3.078220 1.584590
9.521900 -1.804800 2.340980
8.822960 -1.421820 2.340980
8.066570 -1.383520 2.206940
6.678260 -1.450550 2.360130
5.213350 -1.507990 2.695240
4.533550 -1.498420 2.848430
4.255890 -0.981390 3.097370
3.815460 -0.502660 3.604820
3.298440 -0.713300 4.303770
3.001620 -0.866500 4.361210
2.676090 -0.703730 4.485680
2.187790 -1.010120 4.820790
1.996300 -1.910120 4.945260
2.465450 -1.507990 5.692080
2.235660 -0.742030 6.477190
1.804800 -1.211180 6.544210
1.766510 -2.293110 6.228250
1.852680 -2.589920 6.103780
1.823950 -2.053740 6.601660
1.680340 -1.498420 7.243150
1.584590 -1.450550 7.440000
1.555870 -1.642040 7.520820
