2.005870 0.138830 9.091040
2.082470 0.167550 8.947430
2.139910 0.244150 9.033600
2.149490 0.416490 9.110190
2.044170 0.426070 8.928280
2.005870 0.282450 8.708060
2.072890 0.330320 8.583590
2.111190 0.588840 8.593170
2.101620 0.636710 8.401680
1.977150 0.397340 8.028270
1.852680 0.215430 7.626140
1.747360 0.157980 7.348470
1.814380 0.157980 7.061240
2.101620 0.177130 6.668680
2.417580 0.119680 6.046330
2.666510 -0.081380 5.395260
2.848430 -0.339900 4.763340
3.097370 -0.234580 4.160150
3.489930 -0.320750 4.045250
3.968660 -0.473940 3.997380
4.275040 -0.454790 4.045250
4.332490 -0.493090 3.882480
4.696320 -0.751600 3.480350
5.481440 -1.000540 3.710140
6.189950 -0.923950 4.313340
6.821870 -0.799480 4.983560
7.224010 -0.627130 5.385690
7.386770 -0.426070 5.653780
7.683580 -0.560110 5.826120
8.238910 -0.876070 6.055910
9.071900 -1.125010 6.276120
9.857010 -1.268630 6.027190
10.536800 -1.603740 5.586760
10.450630 -1.977150 5.854840
10.125100 -2.628220 6.036760
11.140000 -3.269710 5.175050
13.035760 -3.193120 4.725050
14.242160 -2.178210 5.213350
14.433650 -1.910120 7.185710
14.041090 -2.934600 7.626140
14.778330 -3.384610 6.659110
15.640040 -2.589920 7.109110
15.429400 -1.766510 7.903800
14.481520 -1.249480 8.238910
12.997470 -1.316500 7.932520
13.112360 -2.446300 6.793150
13.543220 -3.212260 6.161230
12.614480 -2.637790 6.008040
11.379360 -1.603740 6.458040
10.584680 -1.077140 6.668680
10.938940 -1.182460 6.362300
11.465540 -1.038840 6.170800
11.360220 -0.770750 6.391020
11.072980 -0.502660 6.793150
10.862340 -0.292020 6.783580
11.053830 -0.579260 6.199530
11.187870 -1.125010 5.720800
10.958080 -1.460120 5.634630
10.891060 -1.326080 5.692080
10.900640 -1.469690 5.778250
11.360220 -2.092040 5.988890
11.781500 -2.436730 6.218680
11.800650 -2.034590 6.726130
11.724050 -1.833530 7.377200
11.877240 -2.494170 7.654860
12.164480 -2.877160 7.597410
12.547460 -2.810130 7.884650
12.978320 -2.398430 8.516570
12.710230 -2.063320 9.253810
12.796400 -2.704810 9.397430
13.734710 -3.231410 8.822960
14.136840 -3.154820 8.803810
13.380450 -2.925030 8.928280
12.930440 -3.193120 8.688910
13.217680 -3.231410 8.277210
13.284700 -3.039920 7.942100
13.083640 -2.953750 7.836780
12.940020 -2.561200 7.597410
12.537890 -2.283530 6.745280
11.848520 -2.819710 5.491010
10.881490 -3.135670 4.284620
9.445300 -2.465450 3.279290
7.913370 -1.776080 2.685660
6.659110 -1.450550 2.264380
5.644200 -0.866500 2.092040
4.514410 -0.368620 2.178210
3.576100 -0.177130 2.618640
3.145240 0.062230 3.116520
2.819710 0.186700 3.365460
2.915450 0.062230 3.719720
2.886730 -0.033510 4.265470
2.465450 -0.129260 4.677170
2.130340 -0.464370 4.983560
2.082470 -0.761180 5.261220
2.283530 -0.339900 5.902720
2.446300 0.406920 6.735700
2.178210 0.550540 7.377200
1.852680 -0.110110 7.415500
1.881400 -0.751600 7.224010
1.929270 -0.617560 7.444220
1.852680 -0.292020 7.980400
1.776080 -0.234580 8.344230
1.661190 -0.081380 8.516570
1.613310 0.225000 8.708060
1.536720 0.225000 8.842110
