2.187790 -0.636710 8.928280
2.092040 -0.607980 8.736790
2.120770 -0.665430 8.660190
2.015450 -0.330320 8.497420
1.871830 -0.263300 8.171890
1.958000 -0.263300 7.913370
2.072890 0.004790 7.549540
2.312260 0.119680 6.994220
2.685660 0.004790 6.161230
2.953750 0.062230 5.203770
3.250560 0.205850 4.543130
3.729290 0.234580 3.987800
4.141000 0.090960 3.250560
4.485680 -0.301600 2.484600
4.801640 -0.655860 1.862250
4.964410 -0.780330 1.345230
4.744190 -0.607980 0.809050
4.370790 -0.770750 0.866500
4.514410 -1.910120 1.249480
5.692080 -2.944180 1.642040
7.252730 -2.379280 2.331410
8.679340 -1.450550 3.834610
9.608070 -0.751600 5.328240
10.115520 -0.550540 6.170800
11.072980 -0.713300 6.572940
12.346400 -0.885650 6.572940
13.141090 -1.144160 6.687830
13.686830 -1.938850 6.869750
14.117690 -2.522900 6.678260
14.357050 -2.312260 5.998460
14.404930 -2.340980 6.343150
14.385780 -2.542050 6.630380
14.519820 -2.494170 6.735700
14.720890 -2.005870 6.917620
14.577270 -1.450550 7.434650
13.820880 -1.383520 7.884650
13.361300 -1.670760 7.233580
13.418750 -2.120770 6.343150
12.987890 -2.417580 6.410170
12.336820 -1.996300 7.013370
11.925110 -1.469690 7.099540
12.260220 -1.594160 6.754850
12.107030 -1.718630 6.793150
11.398510 -1.278200 7.386770
11.168730 -0.732450 7.913370
11.475110 -0.473940 8.267630
11.312340 -0.742030 8.478270
10.948510 -1.354800 8.267630
11.111280 -1.507990 8.430400
11.465540 -1.546290 8.315510
11.944260 -1.785660 8.305930
11.628300 -1.814380 8.449550
11.417660 -2.226090 8.880400
12.154900 -2.848430 8.736790
12.834700 -3.193120 8.296360
12.987890 -3.126090 8.353800
13.303850 -2.551620 8.679340
13.437900 -1.967570 9.043170
13.054910 -2.293110 9.062320
12.949590 -3.355880 8.334650
13.504920 -3.863340 7.932520
14.050670 -3.001620 8.286780
14.194290 -1.843100 8.449550
13.993220 -2.053740 7.798480
13.591090 -3.154820 6.601660
13.198530 -3.796310 5.634630
12.767680 -3.719720 5.041010
12.384690 -3.078220 5.021860
11.637880 -2.139910 5.031430
10.460210 -1.871830 4.677170
9.445300 -2.302680 4.313340
8.688910 -2.273960 4.016530
7.788900 -2.015450 3.939930
7.080390 -1.756930 3.997380
6.534640 -1.306930 4.006950
6.094210 -0.837770 3.987800
5.452710 -0.607980 4.083550
4.686750 -0.454790 4.083550
3.939930 -0.502660 3.796310
3.604820 -0.531390 3.710140
3.365460 -0.138830 4.093120
2.953750 -0.004790 4.830370
2.829280 -0.292020 4.973980
2.762260 -0.320750 5.155900
2.484600 0.205850 5.548460
2.015450 0.540960 6.027190
1.699480 0.368620 6.314420
1.603740 0.023940 6.438890
1.642040 0.062230 6.649530
1.555870 0.148410 6.879320
1.393100 -0.253730 7.348470
1.536720 -0.387770 7.836780
1.488840 -0.071810 8.009120
1.421820 0.138830 8.382530
1.440970 0.196280 8.928280
1.527140 0.253730 9.205940
1.546290 0.387770 9.244240
1.479270 0.473940 9.464450
1.412250 0.339900 9.636790
1.498420 0.138830 9.569770
1.661190 0.090960 9.512330
1.642040 0.196280 9.521900
1.527140 0.110110 9.521900
1.565440 -0.052660 9.445300
1.622890 -0.014360 9.320830
