1.364370 -2.159060 9.962330
1.460120 -2.216510 9.579350
1.488840 -2.130340 9.196370
1.469690 -1.661190 8.669760
1.555870 -1.584590 8.851680
1.575020 -2.685660 9.043170
1.795230 -3.116520 8.631470
1.565440 -2.254810 8.305930
1.345230 -1.469690 8.401680
1.421820 -2.025020 8.870830
1.536720 -2.101620 8.487850
1.201610 -1.852680 8.162310
1.057990 -1.967570 8.439980
1.297350 -1.737780 8.439980
1.335650 -1.402670 8.487850
1.402670 -1.814380 8.487850
1.565440 -2.130340 8.229340
1.584590 -2.082470 8.238910
1.555870 -1.776080 8.430400
1.450550 -1.201610 7.827200
1.086710 -1.105860 7.128260
1.220760 -1.440970 6.927190
1.699480 -1.335650 6.687830
2.302680 -0.885650 6.036760
2.953750 -0.416490 5.567610
3.298440 -0.416490 4.686750
3.480350 -0.799480 3.528230
3.566520 -1.115440 2.130340
3.786740 -1.393100 1.057990
4.179300 -1.948420 0.473940
4.868660 -1.699480 -1.182460
5.318670 -1.670760 -1.086710
5.826120 -1.603740 -1.029270
6.381440 -2.005870 -0.119680
7.128260 -2.340980 0.119680
8.200610 -2.599490 0.081380
10.038930 -2.609070 0.196280
12.461290 -2.331410 0.378200
15.190040 -2.206940 0.703730
18.282620 -2.609070 1.297350
19.594340 -4.418660 2.685660
19.594340 -5.711230 3.729290
19.594340 -5.739950 4.275040
19.594340 -6.592080 6.065480
19.594340 -7.271880 8.449550
19.584760 -7.913370 9.378280
17.133680 -7.539970 8.669760
13.696410 -6.525060 6.668680
15.123020 -8.468700 6.113360
16.118770 -10.402760 6.582510
12.882570 -8.803810 6.122930
9.799560 -5.491010 7.137830
9.330410 -3.154820 7.788900
10.757020 -1.718630 8.286780
10.929360 -0.990970 9.052750
10.048500 -1.756930 9.148490
9.770840 -3.240990 8.564440
10.536800 -4.217590 8.344230
11.417660 -4.447380 8.267630
11.427240 -5.299520 8.191040
11.752770 -6.285700 8.507000
12.710230 -6.582510 8.545290
14.155990 -6.869750 8.056990
15.132590 -6.821870 7.750610
15.582600 -6.122930 8.124010
16.109200 -6.984640 9.043170
17.057080 -7.942100 9.004870
17.401760 -8.315510 8.114440
18.589010 -9.397430 7.970820
19.594340 -9.416580 8.009120
19.594340 -8.554870 7.616560
19.594340 -8.775080 7.022940
19.450720 -9.052750 6.065480
18.359220 -8.133590 4.543130
16.214520 -7.166560 3.068650
14.385780 -6.237830 1.929270
12.499590 -5.146330 1.364370
10.757020 -3.279290 1.105860
8.564440 -2.484600 0.330320
6.783580 -2.522900 0.129260
5.644200 -2.551620 -0.301600
5.012280 -2.206940 -0.272870
4.552700 -1.239910 -0.349470
3.863340 -0.253730 -0.684580
2.972900 0.071810 -0.071810
2.159060 -0.339900 0.981390
2.034590 -0.665430 1.766510
2.034590 -0.713300 2.254810
1.986720 -0.445220 2.934600
2.034590 0.311170 3.949510
1.680340 0.502660 4.667600
1.613310 -0.493090 5.462290
1.890980 -1.306930 6.228250
1.747360 -1.172880 7.022940
1.450550 -0.799480 7.808050
1.306930 -0.598410 8.334650
1.316500 -0.540960 8.401680
1.364370 -1.153730 8.593170
1.421820 -2.044170 8.861260
1.220760 -2.197360 9.071900
0.780330 -1.900550 9.349560
0.713300 -1.776080 9.655940
0.923950 -1.785660 9.560200
0.990970 -2.025020 9.560200
0.923950 -2.187790 9.512330
