2.858010 -2.072890 8.794230
2.934600 -2.092040 8.765510
3.039920 -1.890980 8.899550
3.039920 -1.728210 8.889980
2.953750 -1.823950 8.727210
3.001620 -2.053740 8.564440
3.173970 -2.101620 8.507000
3.212260 -1.833530 8.708060
3.106940 -1.709060 9.024020
3.126090 -1.814380 8.899550
3.250560 -2.034590 8.679340
3.145240 -2.053740 8.775080
3.059070 -1.862250 8.966580
3.106940 -1.661190 9.091040
3.173970 -1.651610 8.899550
3.183540 -1.823950 8.698490
3.221840 -1.919700 8.516570
3.173970 -1.804800 8.191040
3.126090 -1.756930 7.731460
3.154820 -1.584590 7.204860
3.068650 -1.172880 6.534640
3.183540 -1.086710 5.950590
3.729290 -1.249480 5.146330
4.102700 -1.373950 4.179300
4.275040 -1.364370 3.298440
4.418660 -1.096290 2.561200
4.351640 -0.521810 1.948420
4.303770 -0.196280 1.469690
4.552700 -0.473940 1.057990
5.203770 -1.019690 0.675010
5.988890 -1.086710 0.464370
6.716550 -0.895220 0.282450
7.549540 -0.521810 0.483520
8.535720 -0.540960 1.125010
9.799560 -1.144160 1.565440
10.948510 -1.565440 1.546290
11.858090 -2.005870 1.613310
13.064490 -2.714390 1.737780
14.491100 -3.183540 1.948420
15.984730 -3.049500 2.283530
16.951760 -3.145240 2.618640
17.334740 -4.246320 3.164390
17.966660 -5.567610 3.576100
18.732630 -5.797400 3.623970
18.981560 -5.730370 4.179300
19.125180 -6.055910 5.002710
18.943270 -6.324000 5.242070
18.397520 -6.735700 5.433560
17.449640 -6.649530 6.199530
15.927280 -6.458040 7.319750
15.132590 -6.927190 7.731460
14.577270 -6.783580 7.779330
13.485770 -6.295270 7.865500
12.384690 -5.826120 8.976150
11.599580 -5.376120 9.703820
11.647450 -4.906960 9.694240
11.111280 -5.175050 9.770840
10.852760 -5.739950 9.531480
10.910210 -5.644200 9.464450
11.350640 -5.873990 9.445300
11.992140 -6.534640 9.186790
12.317670 -6.994220 8.918700
13.543220 -6.276120 8.947430
14.567690 -4.744190 9.435730
15.151740 -4.466530 9.426150
15.956000 -5.826120 7.922950
17.200700 -7.472940 6.161230
17.574110 -7.942100 5.108030
17.765600 -6.572940 5.376120
18.541140 -4.734620 6.343150
19.230510 -4.054830 6.199530
19.220930 -5.194200 4.342060
18.857100 -6.295270 2.628220
18.407090 -5.988890 2.340980
18.100710 -4.887810 2.637790
17.535810 -3.796310 2.427150
16.444310 -3.355880 2.139910
15.142170 -3.690990 1.814380
14.223010 -3.968660 1.182460
13.476190 -3.375030 0.923950
12.308100 -2.666510 1.211180
10.843190 -2.484600 1.594160
9.828290 -2.408000 1.278200
9.110190 -2.178210 0.962240
8.124010 -1.833530 1.393100
7.128260 -1.565440 2.206940
6.113360 -1.220760 2.350550
5.117600 -0.531390 2.053740
4.389940 -0.167550 2.025020
3.920780 -0.560110 3.317590
3.518650 -0.665430 4.322910
2.953750 -0.617560 4.514410
2.561200 -0.540960 4.667600
2.484600 -1.019690 5.002710
2.762260 -1.498420 5.203770
2.695240 -1.297350 5.471860
2.168640 -1.105860 6.027190
1.996300 -1.507990 6.256970
2.197360 -1.929270 6.400590
2.331410 -1.938850 6.534640
2.159060 -1.804800 6.888900
1.833530 -1.900550 7.243150
1.843100 -1.986720 7.559120
2.072890 -1.622890 7.865500
2.025020 -1.220760 8.133590
