3.001620 -1.402670 9.110190
3.030350 -1.412250 9.062320
3.059070 -1.440970 9.062320
3.049500 -1.460120 9.081470
3.097370 -1.507990 9.110190
3.154820 -1.517570 9.110190
3.183540 -1.527140 9.186790
3.212260 -1.507990 9.234660
3.183540 -1.536720 9.215510
3.154820 -1.651610 9.100620
3.049500 -1.747360 8.957000
2.944180 -1.680340 9.033600
2.915450 -1.498420 9.110190
2.944180 -1.402670 9.196370
2.982480 -1.440970 9.062320
2.963330 -1.546290 8.822960
3.020770 -1.555870 8.784660
3.097370 -1.440970 8.746360
3.145240 -1.201610 8.459130
3.126090 -0.828200 8.018690
3.221840 -0.569690 7.654860
3.623970 -0.588840 6.955920
4.016530 -0.923950 5.605900
4.313340 -1.134590 4.112270
4.380360 -0.837770 2.944180
4.370790 -0.387770 2.436730
4.495260 -0.234580 1.823950
4.552700 -0.713300 0.847350
4.792070 -1.373950 0.234580
5.165480 -1.766510 -0.110110
5.711230 -1.651610 -0.119680
6.400590 -0.885650 0.090960
7.185710 -0.473940 0.502660
8.162310 -0.837770 1.096290
8.966580 -1.469690 1.211180
9.617650 -2.216510 0.876070
10.795320 -2.714390 0.981390
12.490010 -2.685660 1.421820
14.309180 -2.436730 2.120770
15.802810 -2.637790 2.905880
16.932610 -3.518650 3.173970
18.282620 -4.208020 3.135670
19.345400 -5.012280 3.892060
19.594340 -5.347390 5.347390
19.594340 -5.644200 6.008040
19.594340 -5.692080 6.017610
19.594340 -5.577180 6.448470
19.201780 -5.289940 7.089960
17.583680 -5.423990 7.377200
16.252820 -5.749520 6.879320
15.103870 -5.567610 6.563360
14.021940 -5.088880 6.668680
13.169810 -4.667600 6.391020
12.451720 -4.073980 6.582510
11.216600 -3.355880 6.716550
10.383610 -3.183540 7.204860
10.412330 -2.695240 7.645290
10.613400 -1.795230 8.028270
10.249570 -1.776080 8.200610
10.010200 -2.972900 7.434650
10.508080 -4.246320 6.774000
10.958080 -4.600580 6.668680
11.293190 -4.131420 7.051660
11.503840 -3.748440 7.913370
12.432570 -4.342060 8.171890
14.041090 -4.945260 7.233580
14.759190 -4.792070 6.754850
14.826210 -4.284620 7.444220
15.352810 -4.399510 7.530390
16.329410 -5.347390 6.802730
16.712400 -6.716550 5.816550
16.999630 -6.448470 6.189950
17.823040 -4.581430 7.472940
19.010290 -3.068650 7.903800
18.933690 -3.729290 6.908050
18.502840 -5.510160 5.433560
18.627310 -5.883570 4.600580
18.560290 -4.332490 4.667600
18.244330 -2.733540 4.839940
17.736870 -2.053740 4.811220
16.616650 -2.302680 3.872910
15.343230 -2.963330 2.522900
14.376200 -2.992050 1.737780
13.083640 -2.455870 1.661190
11.676180 -2.283530 1.661190
10.469780 -2.417580 1.105860
9.091040 -2.245230 0.588840
7.741030 -2.293110 0.339900
6.774000 -2.254810 0.359050
5.835700 -1.756930 1.000540
4.878240 -1.316500 1.747360
4.083550 -0.981390 2.446300
3.528230 -0.684580 2.858010
3.039920 -0.196280 2.944180
2.599490 0.234580 3.489930
2.293110 -0.119680 4.313340
2.053740 -1.144160 4.811220
1.910120 -1.776080 4.782490
2.216510 -1.804800 4.715470
2.542050 -0.943090 5.328240
2.245230 -0.435640 6.525060
1.699480 -0.981390 6.735700
1.460120 -1.977150 6.199530
1.431400 -2.752690 5.921870
1.814380 -2.609070 6.343150
