1.488840 -3.193120 8.487850
1.632460 -2.992050 8.545290
1.699480 -2.752690 8.516570
1.756930 -2.637790 8.372950
1.795230 -2.580340 8.028270
1.948420 -2.628220 7.559120
2.072890 -2.503750 7.013370
2.168640 -2.321830 6.697400
2.331410 -2.063320 6.496340
2.542050 -1.881400 5.931440
2.819710 -1.833530 5.203770
3.049500 -1.862250 4.562280
3.078220 -1.823950 4.083550
2.944180 -1.680340 3.623970
2.848430 -1.565440 3.308010
3.039920 -1.871830 3.020770
3.604820 -2.063320 2.800560
3.939930 -1.804800 2.695240
3.939930 -1.804800 2.829280
4.361210 -2.206940 2.982480
5.404840 -2.905880 2.925030
6.582510 -3.173970 2.963330
7.319750 -3.173970 3.317590
7.894220 -3.432480 4.093120
8.880400 -3.604820 4.792070
9.991050 -3.193120 5.012280
10.824040 -2.484600 5.146330
11.513410 -3.126090 5.692080
12.805980 -3.892060 5.845270
14.165560 -4.179300 5.529310
15.314510 -4.686750 5.567610
16.051750 -5.356970 6.084630
16.913460 -5.395260 6.314420
17.018780 -5.108030 5.969740
16.003880 -5.328240 6.419740
14.577270 -5.979310 6.888900
14.280460 -6.477190 6.649530
14.194290 -6.189950 6.458040
13.102790 -5.625050 6.381440
11.513410 -5.538880 7.204860
11.274040 -5.701650 7.252730
11.896390 -5.203770 6.879320
11.254900 -3.777160 6.888900
10.153820 -2.551620 7.779330
10.163400 -2.044170 8.363380
10.843190 -1.833530 8.200610
10.613400 -2.072890 7.329330
10.287870 -2.934600 6.812300
10.192120 -3.719720 7.137830
9.962330 -4.744190 7.875080
10.929360 -6.371870 8.334650
12.537890 -6.438890 8.937850
13.227250 -4.380360 10.335740
13.083640 -3.164390 11.446390
13.064490 -5.136750 10.565530
14.376200 -8.277210 9.033600
15.860260 -8.909130 7.817630
16.434730 -7.204860 7.970820
16.453880 -5.720800 8.487850
16.444310 -5.538880 7.884650
16.329410 -5.950590 6.324000
15.841110 -6.237830 5.098450
15.142170 -5.787820 4.801640
14.232580 -4.993130 4.294190
13.370870 -4.332490 3.595250
12.384690 -3.815460 2.886730
10.977230 -3.585670 2.388850
9.837860 -3.355880 2.168640
9.071900 -2.944180 1.699480
8.162310 -2.302680 1.527140
7.013370 -1.622890 1.632460
5.873990 -1.268630 1.938850
4.878240 -1.057990 1.958000
4.093120 -0.990970 1.795230
3.547370 -1.440970 1.785660
3.183540 -1.546290 2.551620
2.714390 -0.521810 3.767590
2.044170 0.253730 4.485680
1.632460 -0.244150 4.811220
1.689910 -1.479270 5.175050
1.737780 -2.264380 5.548460
1.718630 -2.302680 6.113360
1.795230 -2.111190 6.620810
1.795230 -1.852680 6.716550
1.488840 -1.890980 6.812300
1.077140 -2.542050 7.070810
1.000540 -3.355880 7.166560
1.134590 -3.279290 7.386770
1.182460 -2.302680 7.980400
0.837770 -1.823950 8.459130
0.560110 -2.072890 8.612320
0.473940 -2.465450 8.736790
0.579260 -2.723960 8.889980
0.751600 -2.637790 9.100620
0.636710 -2.417580 9.330410
0.454790 -2.216510 9.655940
0.406920 -2.226090 9.732540
0.560110 -2.321830 9.608070
0.569690 -2.331410 9.474030
0.330320 -2.465450 9.196370
0.311170 -2.637790 8.966580
0.531390 -2.771840 9.148490
0.876070 -2.513320 9.550620
0.971820 -2.321830 9.742120
0.981390 -2.312260 9.541050
