10.527230 -1.622890 -1.383520
10.536800 -1.613310 -1.642040
10.690000 -1.852680 -1.766510
10.594250 -1.967570 -1.843100
10.508080 -1.938850 -1.728210
10.555950 -1.661190 -1.670760
10.690000 -1.603740 -1.785660
10.603830 -1.699480 -1.814380
10.603830 -1.919700 -1.546290
10.661270 -1.622890 -1.584590
10.699570 -1.335650 -1.709060
10.766590 -1.642040 -1.776080
10.642120 -1.833530 -1.709060
10.517650 -1.613310 -1.613310
10.527230 -1.613310 -1.479270
10.670850 -1.603740 -1.613310
10.766590 -1.613310 -1.699480
10.632550 -1.737780 -1.728210
10.527230 -1.890980 -1.756930
10.642120 -2.053740 -1.890980
10.747440 -2.149490 -1.594160
10.690000 -2.015450 -1.603740
10.862340 -2.398430 -2.005870
10.843190 -2.752690 -2.053740
10.508080 -2.848430 -1.622890
10.718720 -2.829280 -1.479270
10.785740 -2.925030 -1.709060
10.651700 -3.403760 -2.427150
10.747440 -4.112270 -2.896300
10.852760 -4.591000 -2.666510
10.766590 -4.217590 -2.302680
10.757020 -3.834610 -1.977150
10.843190 -3.595250 -2.197360
10.575100 -4.035680 -2.800560
10.527230 -5.060160 -3.317590
10.680420 -5.548460 -2.982480
10.938940 -4.629300 -2.494170
10.919790 -3.863340 -2.130340
10.603830 -4.772920 -2.245230
10.364460 -5.931440 -2.714390
10.632550 -6.075060 -3.662270
10.900640 -6.228250 -4.035680
10.948510 -6.582510 -3.700570
11.044250 -6.534640 -3.442050
11.398510 -6.975070 -3.710140
11.503840 -7.214430 -4.121850
10.910210 -6.821870 -3.844190
10.345310 -7.137830 -3.509080
10.718720 -8.095290 -3.528230
11.590010 -8.554870 -4.160150
12.413420 -9.330410 -4.217590
12.633630 -9.971900 -3.604820
11.714480 -8.631470 -2.532470
10.661270 -7.884650 -2.053740
9.866590 -9.627220 -2.302680
10.077230 -10.431480 -2.293110
10.412330 -9.924030 -1.919700
10.105950 -10.651700 -1.431400
9.330410 -11.302770 -1.268630
8.171890 -11.475110 -0.473940
7.425070 -10.383610 -0.426070
6.831450 -10.412330 -0.167550
6.678260 -11.159150 0.416490
5.931440 -10.776170 0.770750
4.849520 -10.297440 0.665430
3.489930 -9.646370 0.052660
2.570770 -8.459130 -0.856920
1.728210 -6.898470 -0.713300
0.943090 -5.873990 0.588840
0.129260 -5.385690 1.144160
-0.196280 -5.050580 1.259050
-0.675010 -4.131420 0.722880
-1.575020 -3.183540 0.493090
-2.408000 -2.743110 1.287780
-2.714390 -3.298440 2.331410
-2.656940 -4.035680 2.503750
-2.628220 -3.394180 2.618640
-3.240990 -1.555870 2.810130
-3.939930 -0.272870 2.139910
-3.671840 0.837770 2.321830
-3.556950 1.565440 2.542050
-4.552700 0.866500 2.953750
-5.328240 0.129260 2.685660
-5.548460 0.215430 2.302680
-5.270800 0.282450 2.752690
-4.629300 -0.119680 4.610150
-4.495260 0.033510 5.376120
-4.236740 0.368620 4.868660
-4.141000 0.473940 4.141000
-3.863340 0.856920 3.690990
-3.288860 0.981390 4.160150
-2.695240 0.378200 4.543130
-1.718630 0.110110 4.638870
-0.387770 0.646280 5.098450
-0.071810 1.881400 6.237830
-0.828200 2.858010 6.888900
-0.770750 2.417580 6.400590
0.990970 1.594160 6.371870
2.513320 2.111190 6.582510
2.781410 3.375030 6.936770
2.628220 4.093120 7.243150
3.183540 3.154820 6.888900
3.518650 2.206940 6.917620
3.863340 2.656940 7.051660
3.892060 4.131420 8.267630
3.039920 6.324000 8.765510
2.858010 7.262300 8.928280
3.892060 6.314420 8.372950
4.332490 5.021860 7.817630
3.719720 4.801640 7.559120
3.413330 4.562280 7.233580
3.662270 3.748440 6.592080
3.442050 4.322910 6.352720
3.154820 5.950590 7.252730
3.518650 6.802730 8.277210
4.600580 6.065480 8.794230
5.577180 4.725050 9.531480
6.055910 4.686750 10.747440
6.017610 5.778250 11.647450
5.873990 6.601660 11.580430
6.046330 5.605900 11.331490
5.711230 3.872910 11.321920
5.395260 4.294190 11.551710
4.859090 6.266550 11.245320
4.370790 7.434650 10.747440
4.141000 6.783580 9.837860
3.930360 5.041010 9.091040
4.006950 4.150570 8.813380
4.428230 4.552700 8.775080
4.342060 5.510160 8.937850
4.083550 5.462290 8.947430
4.342060 4.188870 8.516570
4.782490 3.126090 8.325080
4.456960 3.767590 8.353800
4.294190 4.801640 8.526150
4.208020 4.648450 8.468700
4.141000 3.633550 8.066570
4.255890 3.011200 7.712310
4.265470 3.116520 7.645290
4.131420 3.834610 7.903800
4.102700 4.313340 8.124010
4.160150 4.342060 8.124010
4.217590 4.026100 8.018690
4.112270 3.719720 7.932520
4.121850 3.595250 7.884650
4.131420 3.767590 7.741030
3.997380 4.026100 7.760180
