9.943180 -3.145240 -2.092040
9.904880 -3.365460 -2.206940
9.914460 -3.422910 -2.283530
9.991050 -3.413330 -2.312260
9.885730 -3.403760 -2.302680
9.809140 -3.403760 -2.264380
9.924030 -3.413330 -2.226090
10.163400 -3.173970 -2.130340
10.153820 -3.097370 -2.245230
9.981480 -3.528230 -2.503750
9.962330 -3.710140 -2.542050
10.105950 -3.528230 -2.206940
10.144250 -3.327160 -2.235660
10.000630 -3.240990 -2.398430
9.981480 -3.604820 -2.379280
9.924030 -3.901630 -2.408000
9.876160 -3.662270 -2.254810
9.952760 -3.308010 -2.178210
9.981480 -3.422910 -2.369700
9.991050 -3.844190 -2.532470
10.010200 -3.872910 -2.379280
10.029350 -3.547370 -2.226090
10.019780 -3.221840 -2.168640
9.991050 -3.384610 -2.254810
9.924030 -3.805890 -2.408000
9.952760 -4.006950 -2.522900
10.067650 -3.825040 -2.599490
10.067650 -3.652690 -2.436730
9.904880 -3.987800 -2.609070
9.866590 -4.466530 -2.723960
10.019780 -4.926110 -2.925030
10.086800 -5.433560 -3.240990
10.048500 -6.075060 -3.422910
9.761260 -6.592080 -3.604820
9.272960 -7.559120 -4.208020
8.899550 -8.535720 -4.753770
8.928280 -9.177220 -4.658020
9.186790 -9.866590 -4.447380
9.646370 -9.684670 -3.901630
9.684670 -8.516570 -3.777160
9.512330 -8.526150 -4.083550
9.129340 -9.387860 -4.696320
8.526150 -10.508080 -5.759100
8.382530 -11.714480 -6.132510
8.372950 -12.116610 -5.950590
8.305930 -11.360220 -5.672930
8.095290 -10.172970 -5.031430
7.482520 -9.052750 -4.782490
6.850600 -9.751690 -4.322910
6.075060 -10.642120 -4.418660
5.452710 -10.795320 -4.523980
5.079300 -10.010200 -4.514410
4.562280 -9.359130 -4.342060
4.045250 -9.464450 -4.332490
3.308010 -9.368710 -4.255890
2.532470 -9.560200 -3.662270
2.015450 -9.809140 -3.001620
1.747360 -9.474030 -2.666510
1.498420 -8.822960 -2.570770
1.010120 -8.459130 -2.666510
0.617560 -9.091040 -2.542050
0.282450 -10.316590 -2.551620
-0.177130 -10.881490 -2.082470
-0.742030 -9.378280 -1.603740
-1.412250 -8.066570 -1.105860
-1.890980 -7.932520 -0.655860
-2.025020 -8.631470 -0.675010
-2.369700 -8.870830 -0.809050
-2.685660 -8.516570 -0.655860
-2.905880 -7.693160 -0.186700
-3.126090 -7.137830 0.445220
-3.097370 -7.262300 0.320750
-3.260140 -7.128260 -0.464370
-3.528230 -6.678260 -0.272870
-3.528230 -6.170800 1.019690
-3.240990 -5.816550 2.187790
-3.001620 -5.462290 2.446300
-3.154820 -5.366540 2.139910
-3.623970 -4.964410 2.015450
-3.959080 -3.863340 2.130340
-3.777160 -3.509080 2.982480
-3.106940 -3.422910 3.805890
-2.886730 -3.078220 4.141000
-3.269710 -2.810130 3.987800
-3.298440 -2.685660 4.275040
-2.743110 -2.417580 4.811220
-2.503750 -1.785660 4.658020
-2.810130 -1.105860 4.581430
-3.020770 -0.713300 4.610150
-2.427150 -0.914370 5.194200
-1.507990 -1.057990 5.806970
-1.172880 -0.665430 6.055910
-1.048410 -0.225000 6.113360
-0.205850 0.962240 6.793150
-1.067560 1.364370 6.678260
-1.306930 0.387770 6.055910
-0.406920 -0.923950 5.672930
0.359050 -0.617560 6.295270
0.292020 0.818620 7.367620
0.215430 1.862250 7.989970
0.799480 1.776080 8.124010
1.661190 1.230330 8.392100
1.843100 1.000540 8.344230
1.661190 0.761180 8.411250
2.436730 -0.081380 8.631470
3.422910 -0.454790 9.588920
3.489930 0.359050 10.479360
2.781410 0.943090 11.140000
2.475020 0.971820 11.245320
2.743110 0.531390 10.584680
3.288860 0.263300 10.441060
3.011200 1.010120 12.145330
3.173970 0.847350 12.087880
3.470780 0.234580 11.092130
3.422910 -0.253730 10.374040
3.020770 -0.282450 10.412330
2.886730 0.110110 10.804890
2.886730 0.378200 10.661270
3.049500 0.100530 10.450630
2.963330 0.129260 10.622970
2.704810 0.349470 10.661270
2.838860 0.263300 10.249570
3.039920 0.033510 9.971900
3.011200 0.129260 10.029350
2.810130 0.311170 9.962330
2.656940 -0.004790 9.521900
2.714390 -0.655860 9.100620
2.723960 -0.885650 8.621890
2.714390 -0.560110 8.985730
2.714390 0.263300 9.541050
2.685660 0.675010 9.876160
2.781410 0.205850 9.751690
2.800560 -0.387770 9.263390
2.628220 -0.464370 8.985730
2.532470 -0.272870 9.033600
2.695240 0.000000 9.454880
2.695240 0.177130 9.502750
2.628220 0.119680 9.541050
2.637790 -0.004790 9.541050
2.676090 -0.023940 9.282540
2.656940 -0.110110 9.110190
2.580340 -0.177130 9.205940
2.522900 -0.282450 9.320830
2.656940 -0.244150 9.330410
2.762260 0.014360 9.263390
2.810130 0.167550 9.521900
2.618640 0.043090 9.502750
