10.287870 -1.718630 -3.068650
10.249570 -1.958000 -3.193120
10.153820 -1.910120 -3.212260
10.220840 -1.670760 -3.173970
10.125100 -1.689910 -3.145240
10.105950 -1.843100 -3.145240
10.345310 -1.709060 -3.097370
10.393190 -1.575020 -3.135670
10.259140 -1.709060 -3.193120
10.125100 -1.823950 -3.135670
10.201690 -1.718630 -3.173970
10.297440 -1.718630 -3.116520
10.153820 -1.823950 -3.183540
10.086800 -2.072890 -3.202690
10.105950 -2.092040 -3.183540
10.220840 -1.890980 -3.135670
10.335740 -1.910120 -3.135670
10.297440 -2.178210 -3.250560
10.268720 -2.484600 -3.537800
10.192120 -2.781410 -3.853760
10.163400 -3.039920 -4.112270
10.287870 -3.193120 -4.188870
10.259140 -3.327160 -4.351640
10.125100 -3.920780 -4.648450
10.239990 -4.753770 -5.337820
10.441060 -5.289940 -5.481440
10.374040 -4.303770 -4.897390
10.431480 -3.327160 -3.738870
9.933610 -3.595250 -3.738870
10.268720 -4.973980 -4.562280
10.374040 -5.778250 -5.366540
10.651700 -6.467620 -5.912290
10.651700 -6.256970 -5.883570
10.603830 -5.835700 -5.682500
10.307010 -5.098450 -5.002710
10.469780 -4.677170 -4.562280
10.536800 -5.644200 -5.184620
10.622970 -7.300600 -6.505910
10.776170 -7.539970 -7.185710
10.862340 -6.505910 -6.821870
9.876160 -5.519730 -5.759100
9.378280 -5.548460 -5.041010
9.205940 -6.553790 -5.031430
8.957000 -7.281450 -5.184620
8.535720 -7.434650 -5.376120
8.727210 -7.597410 -5.577180
8.794230 -8.152740 -5.749520
8.660190 -8.353800 -5.835700
8.468700 -8.124010 -5.912290
8.382530 -8.066570 -5.969740
7.875080 -8.564440 -5.998460
7.568690 -8.995300 -6.065480
7.453800 -9.110190 -6.649530
7.070810 -9.751690 -6.841020
6.917620 -9.866590 -6.496340
6.774000 -9.387860 -5.950590
6.304850 -9.158070 -5.519730
5.826120 -9.177220 -5.337820
5.443140 -9.359130 -5.328240
5.299520 -9.474030 -4.897390
4.638870 -9.387860 -4.313340
4.121850 -9.866590 -3.949510
3.049500 -10.450630 -3.681420
2.168640 -10.105950 -3.116520
2.197360 -9.521900 -2.159060
2.264380 -9.368710 -1.354800
2.168640 -8.325080 -0.703730
1.699480 -7.568690 -0.062230
1.431400 -7.664440 0.138830
1.144160 -7.185710 0.148410
0.809050 -6.544210 -0.186700
0.751600 -6.352720 -0.502660
0.655860 -5.423990 -0.023940
0.646280 -3.786740 1.010120
0.560110 -2.992050 1.958000
0.349470 -3.260140 2.427150
0.052660 -3.509080 2.695240
-0.253730 -3.939930 3.346310
-0.359050 -3.748440 3.489930
-0.349470 -1.795230 3.892060
-0.186700 -0.090960 4.485680
-0.339900 -0.263300 5.385690
-0.493090 -2.130340 5.605900
-0.435640 -3.336730 4.801640
-0.033510 -2.570770 4.897390
0.292020 0.177130 5.787820
0.732450 1.766510 6.908050
0.244150 0.607980 7.434650
-0.665430 -1.613310 6.582510
-0.215430 -2.216510 6.285700
0.607980 -1.364370 6.534640
0.330320 -0.521810 7.003790
0.292020 -0.043090 6.908050
0.464370 1.038840 6.936770
0.397340 2.963330 7.779330
0.138830 4.543130 8.621890
0.426070 3.518650 9.004870
0.588840 1.804800 7.798480
1.201610 0.684580 6.774000
1.594160 0.512240 7.377200
1.507990 1.421820 7.760180
1.546290 2.436730 7.549540
1.747360 3.298440 7.252730
2.283530 3.671840 7.798480
3.173970 3.633550 9.110190
3.748440 4.370790 10.163400
3.767590 5.826120 10.460210
3.758010 5.950590 11.159150
3.729290 5.376120 11.704900
4.026100 4.638870 11.293190
4.284620 4.504830 10.508080
3.738870 4.208020 10.517650
3.403760 3.690990 10.565530
3.690990 3.681420 10.239990
3.863340 4.610150 9.694240
3.432480 5.203770 9.665520
3.078220 5.127180 9.761260
3.078220 4.906960 9.579350
3.298440 5.031430 9.311260
3.375030 5.299520 9.004870
3.078220 5.404840 9.024020
2.570770 5.471860 9.167640
2.676090 5.108030 8.889980
3.059070 4.514410 8.554870
3.221840 3.987800 8.162310
3.087800 3.825040 8.124010
2.953750 3.872910 8.210190
2.877160 4.102700 8.267630
2.992050 4.265470 8.210190
2.925030 3.987800 8.191040
2.647370 3.700570 7.999550
2.704810 3.336730 7.913370
3.126090 3.288860 7.855930
3.164390 3.805890 8.018690
2.829280 4.504830 8.267630
2.886730 4.485680 8.392100
3.164390 4.495260 8.372950
3.154820 4.753770 8.468700
2.992050 4.945260 8.650620
3.173970 4.916540 8.679340
3.126090 4.705900 8.612320
3.135670 4.198450 8.430400
3.365460 3.777160 8.258060
3.346310 3.863340 8.248480
3.068650 4.208020 8.353800
3.097370 4.179300 8.315510
3.298440 4.083550 8.392100
