11.140000 -1.536720 -0.837770
10.919790 -1.938850 -0.607980
10.335740 -2.101620 -0.598410
9.904880 -2.149490 -0.500000
9.876160 -1.986720 -0.234580
10.431480 -1.776080 -0.962240
10.594250 -2.264380 -1.460120
10.555950 -2.599490 -1.488840
10.575100 -2.254810 -1.105860
10.527230 -1.584590 -0.809050
10.469780 -1.211180 -0.521810
10.642120 -1.402670 -1.010120
11.111280 -2.149490 -1.565440
10.795320 -2.264380 -1.555870
10.488930 -1.603740 -1.086710
10.661270 -1.393100 -0.904800
10.814470 -1.622890 -1.163310
10.814470 -1.756930 -1.144160
10.584680 -1.019690 -0.454790
10.718720 -0.713300 -0.387770
10.881490 -1.249480 -0.607980
10.527230 -1.527140 -0.646280
10.651700 -1.527140 -0.675010
10.804890 -1.354800 -0.952670
10.268720 -1.316500 -0.694160
10.431480 -1.345230 -0.799480
10.776170 -1.460120 -1.105860
11.034680 -1.460120 -1.268630
10.958080 -1.871830 -1.642040
10.862340 -2.369700 -1.958000
10.709150 -2.647370 -2.092040
10.795320 -2.733540 -1.756930
11.111280 -2.484600 -1.527140
11.082550 -2.283530 -1.364370
11.072980 -2.781410 -2.053740
10.814470 -3.978230 -2.867580
10.603830 -4.571850 -3.576100
10.766590 -4.705900 -3.796310
11.005960 -5.041010 -3.901630
11.283620 -4.476110 -3.805890
11.522980 -4.370790 -3.738870
11.522980 -5.031430 -4.332490
11.637880 -5.749520 -4.543130
11.676180 -5.423990 -4.677170
12.202780 -5.117600 -4.725050
12.346400 -6.438890 -4.887810
12.174050 -6.438890 -5.117600
12.394270 -5.586760 -5.644200
12.786830 -6.601660 -6.936770
13.504920 -8.315510 -8.305930
13.897470 -9.138920 -8.507000
15.036850 -8.564440 -8.258060
15.888980 -8.660190 -8.037840
16.587930 -10.364460 -8.085720
16.262390 -11.044250 -7.578260
16.157070 -11.714480 -6.955920
15.553870 -12.059160 -5.529310
15.592170 -11.226170 -3.882480
13.744280 -10.335740 -2.455870
11.915540 -11.235750 -2.886730
10.910210 -11.743200 -3.576100
10.038930 -10.690000 -3.106940
8.487850 -8.746360 -2.350550
7.444220 -7.089960 -1.823950
6.754850 -5.041010 -1.364370
5.136750 -2.542050 -1.077140
3.202690 -0.732450 -0.636710
1.019690 -0.186700 -0.138830
-0.464370 -0.464370 -0.052660
-1.326080 0.225000 0.033510
-1.900550 1.622890 1.057990
-3.078220 3.173970 1.823950
-4.064400 3.413330 1.517570
-4.619720 3.068650 0.493090
-4.792070 2.082470 -1.057990
-4.897390 0.914370 -1.622890
-4.514410 0.540960 -1.144160
-3.777160 1.163310 -0.598410
-3.298440 1.986720 -0.186700
-3.001620 2.388850 0.311170
-2.398430 2.455870 0.282450
-2.484600 2.647370 -0.090960
-2.848430 2.408000 0.416490
-2.714390 2.379280 1.220760
-1.996300 2.072890 2.312260
-0.780330 0.617560 3.863340
0.148410 0.272870 4.887810
0.540960 1.938850 3.384610
0.943090 3.719720 1.383520
2.034590 4.523980 2.695240
3.853760 2.819710 6.994220
5.376120 1.393100 8.152740
5.931440 1.737780 7.721880
6.917620 1.766510 7.271880
7.271880 2.992050 8.248480
6.256970 5.031430 8.669760
6.391020 4.342060 8.727210
7.118690 3.030350 9.943180
6.563360 4.064400 10.153820
5.041010 8.679340 7.731460
3.939930 11.781500 8.411250
9.349560 5.768670 13.054910
10.354890 5.184620 10.584680
7.875080 4.303770 8.698490
5.720800 3.020770 10.335740
4.811220 5.806970 11.446390
7.683580 6.783580 12.049580
7.875080 7.013370 10.891060
5.873990 4.351640 11.274040
3.365460 3.030350 13.600660
3.269710 5.423990 12.336820
5.289940 6.324000 11.283620
6.084630 5.318670 9.713390
6.438890 3.997380 9.598500
5.194200 3.863340 9.943180
4.141000 3.231410 10.163400
4.667600 3.135670 9.474030
4.954840 3.509080 9.138920
4.667600 3.997380 8.822960
4.973980 3.853760 8.669760
4.945260 3.039920 7.989970
4.792070 2.273960 7.884650
4.476110 2.484600 8.056990
4.437810 3.049500 8.382530
4.686750 3.442050 8.191040
4.954840 3.298440 7.674010
5.299520 3.106940 7.616560
5.165480 2.656940 7.865500
4.715470 2.388850 7.875080
4.887810 2.838860 8.018690
4.887810 2.925030 7.932520
4.868660 2.226090 7.827200
5.088880 2.321830 7.712310
5.261220 2.896300 8.009120
4.648450 2.896300 8.641040
4.351640 2.771840 8.554870
4.792070 2.762260 8.219760
5.155900 3.001620 7.951670
5.117600 2.905880 8.047420
4.916540 2.475020 8.267630
4.792070 2.656940 8.449550
4.725050 2.944180 8.430400
4.715470 2.599490 8.344230
4.916540 2.570770 7.903800
5.433560 2.877160 7.693160
5.242070 2.810130 8.162310
4.744190 2.609070 8.325080
