10.019780 -2.589920 -3.145240
10.077230 -2.494170 -3.231410
9.981480 -2.819710 -3.375030
9.866590 -3.116520 -3.365460
9.751690 -2.867580 -3.250560
9.952760 -2.609070 -3.164390
10.058080 -2.647370 -3.106940
9.962330 -2.609070 -3.106940
9.981480 -2.733540 -3.202690
10.010200 -2.848430 -3.250560
9.924030 -2.886730 -3.269710
9.962330 -2.771840 -3.288860
10.086800 -2.647370 -3.193120
9.991050 -2.589920 -3.193120
9.895310 -2.781410 -3.336730
9.847440 -2.877160 -3.308010
9.857010 -2.685660 -3.212260
10.029350 -2.580340 -3.212260
10.086800 -2.647370 -3.260140
9.962330 -2.695240 -3.403760
9.943180 -2.858010 -3.442050
10.019780 -2.905880 -3.422910
10.125100 -2.609070 -3.413330
10.307010 -2.886730 -3.710140
10.278290 -3.614400 -4.083550
10.192120 -4.073980 -4.131420
10.086800 -4.227170 -4.045250
9.962330 -4.169720 -3.987800
9.809140 -4.102700 -4.188870
9.981480 -4.514410 -4.715470
10.105950 -5.184620 -5.050580
10.019780 -5.912290 -4.935690
9.971900 -6.448470 -4.973980
10.125100 -7.147410 -5.414410
9.885730 -7.118690 -5.596330
9.809140 -6.735700 -5.471860
9.646370 -7.798480 -5.625050
9.713390 -8.765510 -6.256970
10.699570 -8.708060 -6.256970
10.517650 -8.114440 -5.088880
9.579350 -8.114440 -3.959080
9.320830 -7.903800 -3.461200
9.474030 -7.999550 -3.748440
9.464450 -9.301690 -4.188870
9.215510 -10.201690 -4.255890
9.205940 -9.349560 -3.978230
9.071900 -8.056990 -3.652690
8.363380 -8.018690 -3.853760
7.578260 -9.043170 -4.217590
7.204860 -10.029350 -4.839940
7.444220 -10.402760 -5.270800
7.932520 -10.278290 -5.127180
7.587840 -9.579350 -4.619720
7.434650 -8.612320 -3.901630
6.888900 -8.162310 -3.126090
6.180380 -8.305930 -2.743110
6.304850 -9.234660 -3.087800
6.438890 -9.569770 -2.953750
5.969740 -8.487850 -2.637790
5.222920 -7.760180 -2.302680
4.696320 -8.219760 -1.412250
4.093120 -8.602740 -1.086710
4.380360 -9.407000 -1.373950
4.744190 -9.732540 -1.469690
4.227170 -8.325080 0.320750
3.614400 -7.520820 1.220760
2.963330 -8.650620 1.000540
3.068650 -9.454880 1.048410
3.068650 -7.654860 1.412250
2.609070 -6.343150 2.005870
2.159060 -6.525060 2.168640
1.890980 -6.553790 2.120770
1.852680 -5.730370 2.522900
1.182460 -5.002710 2.838860
0.521810 -4.801640 2.743110
0.263300 -4.313340 3.106940
0.263300 -3.489930 3.537800
0.033510 -2.733540 3.796310
0.062230 -2.206940 3.365460
0.607980 -1.967570 3.327160
0.244150 -1.105860 3.959080
0.493090 -0.512240 4.820790
0.090960 -0.110110 4.906960
-0.004790 0.225000 4.954840
0.100530 1.163310 5.041010
0.904800 2.551620 5.423990
1.440970 3.623970 6.170800
1.900550 3.767590 6.371870
2.589920 3.336730 6.620810
3.432480 3.403760 7.865500
4.380360 4.284620 9.052750
4.265470 4.629300 9.608070
3.997380 4.447380 9.751690
4.045250 4.954840 9.952760
3.892060 5.462290 9.904880
3.308010 4.868660 9.837860
3.173970 3.442050 9.378280
3.336730 2.992050 9.081470
3.049500 4.064400 8.966580
2.475020 4.801640 8.832530
2.187790 4.466530 8.507000
2.436730 3.528230 8.009120
2.628220 3.135670 7.798480
2.838860 3.173970 7.702730
3.049500 3.729290 8.296360
2.743110 4.581430 8.746360
2.599490 4.983560 8.755940
3.173970 4.916540 8.813380
3.518650 4.389940 8.832530
3.604820 3.585670 8.765510
3.844190 3.068650 9.033600
4.026100 3.758010 9.445300
3.901630 4.571850 9.866590
3.815460 4.476110 10.058080
4.313340 3.805890 9.876160
4.389940 3.786740 9.665520
4.054830 4.160150 9.378280
3.920780 3.892060 9.244240
3.834610 3.652690 9.186790
3.662270 3.844190 9.234660
3.480350 4.035680 9.292110
3.499500 4.141000 9.014450
3.777160 3.690990 8.717640
3.662270 3.173970 8.602740
3.556950 3.154820 8.717640
3.595250 3.394180 8.794230
3.738870 3.317590 8.660190
3.863340 3.020770 8.545290
3.949510 2.925030 8.420830
3.863340 3.078220 8.545290
3.710140 3.135670 8.507000
3.748440 2.905880 8.372950
3.796310 2.877160 8.305930
3.633550 3.078220 8.286780
3.422910 3.183540 8.305930
3.537800 2.972900 8.248480
3.585670 2.838860 8.047420
3.394180 2.752690 8.085720
3.260140 2.905880 8.095290
3.288860 2.982480 8.037840
3.231410 2.915450 8.076140
3.240990 2.905880 8.286780
3.231410 3.068650 8.545290
3.202690 3.173970 8.746360
3.288860 3.078220 8.775080
3.480350 3.020770 8.708060
3.576100 2.896300 8.688910
