10.412330 -1.603740 -3.269710
10.469780 -1.661190 -3.384610
10.316590 -1.929270 -3.432480
10.239990 -2.206940 -3.528230
10.354890 -2.149490 -3.566520
10.402760 -2.101620 -3.690990
10.326160 -2.628220 -3.987800
10.144250 -3.451630 -4.389940
10.192120 -3.786740 -4.677170
10.182540 -3.097370 -4.380360
10.038930 -2.216510 -4.064400
10.010200 -2.877160 -4.284620
10.086800 -4.121850 -4.801640
10.134670 -4.006950 -4.437810
9.885730 -1.230330 -3.442050
10.335740 -0.627130 -2.589920
10.488930 -3.585670 -3.298440
10.211270 -5.749520 -4.141000
10.441060 -5.893140 -4.667600
10.747440 -5.012280 -4.715470
10.843190 -3.518650 -4.045250
10.833610 -2.475020 -2.714390
10.603830 -3.030350 -2.044170
10.555950 -4.485680 -2.245230
10.718720 -4.964410 -2.283530
10.862340 -3.451630 -1.958000
11.130430 -2.743110 -1.632460
10.919790 -3.930360 -1.862250
10.565530 -5.596330 -2.273960
10.632550 -5.864420 -2.455870
10.680420 -5.127180 -2.178210
10.661270 -4.016530 -1.670760
10.871910 -3.327160 -1.144160
10.776170 -3.805890 -1.086710
10.441060 -4.725050 -1.498420
10.527230 -5.510160 -1.814380
10.603830 -5.701650 -2.235660
10.354890 -5.529310 -2.168640
10.058080 -5.098450 -1.220760
9.751690 -4.753770 -0.406920
9.809140 -4.906960 -0.148410
9.943180 -5.203770 -0.378200
9.818710 -5.873990 -0.847350
9.675090 -6.994220 -0.062230
9.387860 -7.501670 0.895220
9.186790 -6.678260 1.335650
9.684670 -5.165480 1.795230
10.488930 -4.447380 2.302680
10.804890 -5.337820 2.704810
10.172970 -6.639960 3.154820
9.531480 -6.419740 3.451630
9.885730 -4.523980 4.045250
10.766590 -3.288860 4.725050
10.804890 -4.054830 4.792070
10.096370 -5.443140 4.485680
9.962330 -5.347390 4.428230
10.421910 -3.442050 5.270800
10.498510 -1.527140 5.845270
9.971900 -1.632460 5.768670
9.186790 -2.695240 5.318670
8.842110 -3.652690 5.328240
8.669760 -3.365460 5.491010
8.468700 -0.789900 6.170800
8.430400 2.025020 6.821870
8.363380 2.168640 6.601660
7.932520 0.196280 5.510160
7.415500 -2.388850 3.892060
6.649530 -3.413330 3.279290
5.941020 -0.598410 3.327160
6.525060 2.934600 4.648450
6.592080 4.772920 6.218680
5.720800 3.489930 6.189950
5.251650 1.000540 5.289940
5.337820 0.000000 4.571850
5.672930 1.105860 4.763340
5.950590 3.020770 5.309090
6.170800 3.298440 5.663350
5.615480 2.101620 5.060160
5.021860 1.038840 4.571850
4.868660 1.479270 4.466530
5.041010 2.340980 5.433560
5.117600 2.580340 5.835700
5.079300 1.996300 5.529310
4.591000 2.139910 5.653780
4.303770 3.135670 6.256970
4.629300 3.930360 6.678260
4.859090 3.987800 6.975070
4.859090 3.518650 7.080390
5.079300 2.992050 6.917620
5.309090 3.164390 6.965490
5.088880 3.968660 7.128260
4.753770 4.389940 7.377200
4.562280 4.064400 7.233580
4.715470 3.643120 7.166560
4.868660 4.141000 7.606990
4.782490 4.945260 8.104870
4.973980 4.495260 7.731460
4.945260 3.566520 7.252730
4.715470 3.279290 7.281450
4.792070 3.298440 7.425070
4.926110 3.509080 7.472940
4.638870 3.930360 7.721880
4.686750 3.825040 7.674010
4.878240 3.700570 7.674010
5.050580 4.035680 7.951670
4.849520 3.939930 7.903800
4.428230 3.882480 7.932520
4.294190 4.006950 7.903800
4.437810 4.093120 7.808050
4.456960 3.116520 7.444220
4.236740 2.963330 7.511240
4.351640 3.154820 7.626140
4.610150 3.193120 7.568690
4.504830 3.126090 7.578260
4.964410 4.121850 7.779330
4.830370 4.562280 7.999550
4.600580 4.179300 7.836780
4.610150 3.308010 7.492090
4.964410 2.972900 7.472940
5.117600 3.442050 7.721880
4.983560 4.102700 8.018690
4.677170 4.370790 8.296360
4.696320 4.150570 8.210190
4.926110 3.959080 8.095290
4.246320 3.164390 7.587840
4.351640 3.097370 7.731460
4.456960 3.068650 7.865500
4.466530 3.078220 7.932520
4.504830 2.867580 7.942100
4.504830 2.829280 7.875080
4.619720 2.953750 7.875080
4.686750 3.011200 8.104870
4.476110 3.087800 8.277210
4.619720 2.896300 8.277210
4.887810 2.858010 8.334650
4.993130 3.116520 8.325080
4.954840 3.087800 8.353800
4.715470 3.097370 8.325080
4.629300 3.308010 8.478270
4.648450 3.604820 8.487850
4.610150 3.442050 8.372950
4.552700 3.078220 8.143160
4.543130 2.925030 8.114440
4.523980 3.059070 8.229340
4.772920 2.867580 7.999550
4.514410 2.685660 7.980400
4.476110 2.723960 7.970820
