9.780410 -3.920780 -2.972900
9.579350 -3.901630 -2.963330
9.474030 -3.825040 -2.896300
9.579350 -3.710140 -2.886730
9.761260 -3.662270 -2.992050
9.780410 -3.930360 -3.049500
9.569770 -4.064400 -2.982480
9.493180 -3.949510 -2.934600
9.713390 -3.614400 -2.838860
9.885730 -3.643120 -2.790980
9.722970 -3.939930 -2.848430
9.464450 -4.073980 -2.944180
9.550620 -3.930360 -2.858010
9.837860 -3.863340 -2.752690
9.914460 -3.911210 -2.829280
9.780410 -4.064400 -2.867580
9.665520 -4.227170 -2.858010
9.722970 -4.160150 -2.905880
9.818710 -4.179300 -2.915450
9.627220 -4.284620 -3.030350
9.368710 -4.533550 -3.126090
9.339980 -4.734620 -3.221840
9.560200 -4.504830 -3.126090
9.646370 -4.456960 -3.145240
9.454880 -4.600580 -3.327160
9.272960 -4.859090 -3.308010
9.292110 -4.820790 -3.375030
9.445300 -4.696320 -3.576100
9.445300 -4.725050 -3.863340
9.301690 -5.117600 -3.671840
9.081470 -5.433560 -3.710140
8.947430 -5.577180 -3.968660
8.842110 -5.558030 -4.313340
8.928280 -5.462290 -4.131420
9.014450 -5.366540 -3.978230
9.110190 -5.318670 -4.169720
9.052750 -5.423990 -4.476110
8.746360 -5.692080 -4.638870
8.430400 -5.960160 -4.552700
8.286780 -5.912290 -4.686750
8.277210 -5.845270 -4.878240
8.133590 -6.094210 -5.117600
7.884650 -6.496340 -5.318670
7.702730 -7.070810 -5.433560
7.444220 -7.367620 -5.950590
7.185710 -7.539970 -6.218680
7.061240 -7.520820 -5.988890
6.994220 -7.511240 -5.634630
7.032510 -7.367620 -5.414410
6.831450 -7.166560 -5.778250
6.391020 -7.549540 -6.563360
5.979310 -8.181460 -6.955920
5.759100 -8.985730 -6.879320
5.739950 -9.502750 -6.821870
5.864420 -9.167640 -6.735700
5.893140 -8.593170 -6.706980
5.816550 -8.621890 -6.467620
5.270800 -9.110190 -6.448470
4.648450 -9.636790 -6.678260
4.485680 -10.402760 -6.467620
4.217590 -10.469780 -6.534640
3.825040 -9.569770 -6.831450
3.786740 -9.809140 -6.553790
3.853760 -10.632550 -5.883570
3.547370 -10.737870 -5.596330
3.039920 -9.943180 -5.289940
2.580340 -9.215510 -4.935690
2.273960 -9.071900 -4.839940
2.111190 -9.722970 -4.705900
1.871830 -10.297440 -4.523980
1.287780 -10.019780 -4.112270
0.627130 -9.186790 -3.892060
0.234580 -8.889980 -3.815460
0.129260 -9.665520 -3.987800
0.129260 -10.613400 -3.968660
-0.225000 -10.670850 -3.403760
-0.828200 -9.588920 -2.609070
-1.019690 -8.727210 -2.235660
-0.866500 -8.669760 -2.637790
-0.933520 -9.071900 -2.905880
-1.354800 -9.397430 -2.800560
-1.871830 -9.339980 -2.321830
-2.159060 -8.325080 -1.575020
-2.264380 -6.994220 -0.560110
-2.369700 -6.534640 0.138830
-2.139910 -7.271880 -0.234580
-2.245230 -7.482520 -0.512240
-2.570770 -6.343150 -0.253730
-2.886730 -5.098450 0.464370
-2.886730 -4.150570 1.890980
-2.589920 -3.566520 2.312260
-2.522900 -3.662270 2.293110
-2.293110 -3.432480 2.829280
-2.044170 -2.848430 3.240990
-1.938850 -2.379280 3.633550
-1.622890 -2.312260 4.533550
-1.201610 -1.929270 4.916540
-1.268630 -1.843100 5.146330
-1.460120 -2.053740 5.203770
-1.565440 -2.053740 5.069730
-1.527140 -1.862250 5.251650
-1.096290 -1.326080 6.008040
-0.837770 -0.196280 6.228250
-0.895220 0.550540 6.343150
-0.454790 0.033510 6.754850
0.435640 -1.010120 7.224010
1.134590 -1.402670 7.530390
1.364370 -0.646280 7.961250
1.048410 0.742030 8.382530
0.655860 1.575020 8.210190
1.077140 0.866500 8.641040
1.699480 -0.311170 8.755940
1.421820 -0.665430 8.181460
1.316500 -0.655860 7.903800
2.187790 -0.320750 8.985730
2.637790 0.847350 10.038930
2.178210 1.919700 10.622970
1.996300 1.890980 10.699570
2.025020 0.205850 10.029350
2.475020 -1.383520 9.445300
3.126090 -0.799480 10.086800
3.030350 1.546290 11.858090
2.676090 2.877160 12.700650
2.676090 1.948420 11.771920
2.589920 -0.071810 10.441060
2.676090 -0.904800 9.435730
2.733540 -0.014360 9.866590
2.676090 1.354800 11.092130
2.417580 1.910120 11.503840
2.302680 1.211180 11.053830
2.513320 0.282450 10.460210
2.570770 0.081380 10.211270
2.522900 0.292020 10.163400
2.484600 0.560110 9.933610
2.465450 0.330320 10.029350
2.465450 -0.148410 9.943180
2.408000 -0.550540 9.770840
2.628220 -0.521810 9.627220
2.561200 -0.062230 9.474030
1.996300 -0.531390 9.253810
1.756930 -0.416490 8.976150
1.977150 -0.914370 8.832530
2.111190 -1.144160 8.583590
2.245230 -0.828200 9.129340
2.312260 -0.550540 9.904880
1.929270 -0.473940 9.608070
1.670760 -0.378200 8.928280
