10.804890 -0.933520 0.292020
10.766590 -0.933520 0.368620
10.785740 -1.010120 0.406920
10.757020 -1.096290 0.311170
10.680420 -1.086710 0.215430
10.690000 -1.125010 0.148410
10.795320 -1.125010 0.177130
10.785740 -1.057990 0.186700
10.718720 -1.115440 0.234580
10.632550 -1.249480 0.292020
10.670850 -1.029270 0.368620
10.670850 -0.464370 0.359050
10.488930 -0.205850 0.292020
10.584680 -0.540960 0.349470
10.757020 -0.684580 0.464370
10.833610 -0.512240 0.655860
11.101700 -0.234580 1.115440
11.532560 0.349470 1.890980
11.771920 1.134590 2.867580
12.059160 2.025020 3.892060
12.997470 2.235660 5.423990
14.069820 2.484600 7.080390
14.299610 3.422910 7.961250
14.366630 4.954840 7.999550
14.012370 6.333570 7.520820
13.399600 6.276120 6.611230
13.265550 4.543130 5.931440
13.093210 2.934600 5.356970
12.892150 1.728210 4.667600
13.093210 0.445220 3.643120
13.236830 -0.655860 2.187790
12.796400 -1.402670 0.598410
12.020860 -2.216510 -0.722880
11.207020 -3.164390 -1.804800
10.508080 -3.805890 -2.599490
9.933610 -4.141000 -3.193120
9.282540 -4.332490 -3.633550
8.717640 -4.523980 -3.786740
8.143160 -4.619720 -3.882480
7.913370 -4.763340 -3.872910
7.798480 -4.380360 -3.786740
7.712310 -4.169720 -3.470780
7.836780 -4.466530 -3.049500
8.028270 -4.677170 -2.752690
8.430400 -4.734620 -2.666510
9.014450 -4.772920 -2.455870
9.818710 -4.581430 -1.814380
10.565530 -4.236740 -1.412250
11.637880 -4.150570 -1.201610
12.576190 -3.662270 -1.096290
13.581510 -2.139910 -0.627130
14.673010 -0.196280 0.732450
15.084720 1.211180 2.216510
15.774090 2.522900 3.375030
15.936860 5.031430 3.997380
14.835780 8.516570 4.562280
13.840030 10.412330 6.544210
13.562360 10.891060 8.765510
13.801730 11.245320 9.971900
13.868750 11.848520 10.239990
14.069820 12.174050 9.991050
14.357050 11.484690 9.608070
14.328330 9.713390 8.708060
14.357050 7.750610 7.386770
14.596420 6.209100 6.295270
14.663440 5.136750 5.558030
14.673010 3.997380 5.079300
14.711310 2.580340 4.399510
14.548550 1.393100 3.518650
14.194290 0.540960 2.513320
13.792150 -0.186700 1.737780
13.150660 -0.895220 0.866500
12.470860 -1.862250 0.043090
11.743200 -2.752690 -0.751600
11.015530 -3.308010 -1.259050
10.220840 -3.489930 -1.335650
9.474030 -3.422910 -1.335650
8.803810 -3.432480 -1.517570
8.238910 -3.623970 -1.804800
7.951670 -3.738870 -2.111190
7.855930 -3.748440 -2.321830
7.645290 -3.882480 -2.446300
7.377200 -3.872910 -2.551620
7.329330 -3.690990 -2.609070
7.520820 -3.499500 -2.656940
7.769760 -3.384610 -2.790980
8.152740 -3.758010 -2.829280
8.937850 -4.141000 -2.589920
9.770840 -4.160150 -2.676090
10.718720 -4.093120 -2.551620
11.972990 -3.260140 -1.699480
12.451720 -0.512240 -0.426070
13.476190 1.460120 0.665430
16.023030 0.933520 2.819710
16.386860 1.766510 5.309090
14.759190 4.456960 6.888900
14.012370 7.358050 7.367620
13.945350 9.033600 7.147410
13.820880 8.018690 7.271880
13.591090 5.912290 7.042090
12.557040 5.280370 6.448470
11.829370 4.993130 5.376120
12.040010 4.141000 4.227170
12.202780 3.327160 3.279290
12.059160 2.542050 2.503750
11.752770 1.785660 2.034590
11.446390 1.153730 1.776080
11.168730 0.607980 1.421820
10.871910 0.378200 0.799480
10.747440 0.157980 0.330320
10.910210 -0.588840 0.330320
10.958080 -1.029270 0.483520
10.852760 -1.019690 0.675010
10.718720 -0.943090 0.703730
10.603830 -1.038840 0.473940
10.603830 -1.440970 0.263300
10.670850 -1.498420 0.244150
10.670850 -1.259050 0.435640
