10.642120 -2.034590 0.272870
10.699570 -2.034590 0.282450
10.747440 -2.053740 0.292020
10.690000 -2.025020 0.330320
10.776170 -2.063320 0.464370
10.910210 -2.111190 0.579260
11.178300 -2.350550 0.856920
11.072980 -2.302680 0.732450
11.149580 -2.264380 0.981390
11.350640 -1.977150 1.747360
11.408090 -1.565440 2.503750
11.455960 -1.278200 2.992050
11.417660 -1.077140 3.614400
11.369790 -0.856920 4.428230
11.379360 -0.732450 5.309090
11.647450 -0.560110 5.969740
12.078310 -0.272870 6.362300
12.509160 0.272870 6.745280
12.748530 0.866500 7.156980
12.873000 0.895220 7.003790
13.074060 0.426070 6.582510
13.016610 0.167550 6.094210
12.873000 -0.052660 5.663350
12.892150 -0.512240 5.165480
12.853850 -0.895220 4.447380
12.442140 -1.239910 3.461200
11.781500 -1.632460 2.331410
11.350640 -2.139910 1.421820
10.766590 -2.618640 0.502660
10.230420 -3.001620 -0.100530
9.703820 -3.059070 -0.454790
9.282540 -2.867580 -0.655860
8.717640 -2.714390 -1.192030
8.056990 -2.810130 -1.996300
7.463370 -3.240990 -3.164390
7.243150 -3.681420 -4.073980
7.750610 -4.083550 -4.073980
8.114440 -4.112270 -3.738870
7.779330 -3.853760 -3.269710
7.377200 -3.585670 -3.231410
7.492090 -3.308010 -3.566520
8.334650 -3.403760 -3.499500
9.263390 -3.614400 -2.963330
9.742120 -3.269710 -2.254810
10.115520 -2.704810 -1.594160
10.508080 -2.312260 -1.029270
10.977230 -2.388850 -0.617560
11.408090 -2.618640 -0.282450
11.963410 -2.465450 0.215430
12.671930 -2.388850 1.163310
13.485770 -2.312260 2.723960
14.424080 -1.795230 4.600580
15.314510 -0.579260 6.888900
15.965580 1.402670 8.813380
15.745360 3.193120 9.742120
14.941100 4.160150 9.837860
13.782580 4.198450 9.320830
12.911300 2.915450 8.909130
12.863420 1.575020 8.918700
12.729380 1.211180 9.043170
12.221930 1.431400 9.454880
11.877240 1.910120 9.866590
12.528310 2.293110 10.019780
13.342150 2.905880 10.029350
13.878330 3.614400 9.924030
14.644290 3.556950 9.655940
15.046420 3.078220 8.880400
14.979400 2.092040 7.884650
14.874080 1.163310 6.955920
14.874080 0.636710 6.218680
14.912380 0.033510 5.261220
14.682590 -0.627130 3.930360
13.974070 -1.412250 2.226090
12.959170 -2.475020 0.387770
12.317670 -3.901630 -0.445220
11.867670 -4.906960 -0.828200
10.938940 -4.619720 -1.182460
10.086800 -4.016530 -1.230330
9.464450 -3.767590 -1.268630
9.024020 -3.825040 -1.440970
8.516570 -4.026100 -2.034590
7.894220 -3.987800 -2.637790
7.472940 -3.834610 -2.771840
7.204860 -3.489930 -2.723960
6.927190 -3.193120 -2.771840
6.802730 -3.221840 -2.944180
7.013370 -3.461200 -2.972900
7.702730 -3.202690 -2.963330
8.133590 -3.365460 -3.059070
8.937850 -3.489930 -2.599490
9.694240 -2.953750 -2.005870
10.220840 -2.388850 -1.469690
10.977230 -2.139910 -0.837770
11.743200 -2.408000 -0.023940
12.940020 -3.279290 1.153730
14.491100 -2.944180 2.628220
15.496430 -0.550540 3.815460
16.338990 2.283530 5.002710
16.262390 4.083550 6.132510
15.094300 4.370790 6.505910
14.357050 3.738870 6.544210
14.002790 2.972900 6.515490
13.610240 2.934600 6.563360
13.179380 3.011200 6.582510
12.691080 2.704810 6.209100
12.145330 2.580340 5.232500
11.896390 1.967570 4.504830
12.145330 0.856920 4.035680
11.982560 0.292020 3.489930
11.618730 -0.081380 2.637790
11.599580 -0.550540 1.890980
11.542130 -1.057990 1.354800
11.341070 -1.594160 0.962240
11.187870 -1.967570 0.770750
11.140000 -2.216510 0.694160
11.446390 -2.283530 0.818620
11.551710 -1.929270 0.856920
11.101700 -1.460120 0.502660
