10.891060 -1.680340 0.253730
10.862340 -1.728210 0.205850
10.804890 -1.728210 0.215430
10.785740 -1.622890 0.253730
10.709150 -1.460120 0.225000
10.642120 -1.469690 0.157980
10.680420 -1.555870 0.129260
10.824040 -1.689910 0.157980
10.776170 -1.632460 0.196280
10.747440 -1.354800 0.282450
10.747440 -1.220760 0.301600
10.776170 -1.335650 0.320750
10.881490 -1.479270 0.301600
10.785740 -1.536720 0.186700
10.785740 -1.488840 0.167550
10.919790 -1.345230 0.244150
10.910210 -1.144160 0.368620
11.044250 -1.077140 0.454790
11.350640 -1.000540 0.627130
11.858090 -0.713300 1.297350
12.480440 0.062230 2.417580
12.796400 0.866500 3.260140
12.624060 1.259050 3.585670
11.896390 1.881400 3.786740
11.360220 2.542050 4.208020
11.762350 2.656940 4.772920
12.384690 2.656940 5.194200
12.671930 1.737780 4.227170
12.557040 1.048410 3.671840
12.288950 0.311170 2.963330
11.886820 -0.378200 2.245230
11.532560 -1.010120 1.479270
11.235750 -1.823950 0.588840
10.910210 -2.484600 -0.100530
10.508080 -2.992050 -0.416490
9.971900 -3.173970 -0.694160
9.474030 -3.202690 -0.971820
9.024020 -3.327160 -1.402670
8.641040 -3.556950 -1.833530
8.459130 -3.710140 -2.254810
8.353800 -4.102700 -2.618640
8.315510 -4.610150 -2.915450
8.363380 -4.916540 -2.972900
8.516570 -4.926110 -2.599490
8.583590 -4.552700 -2.273960
8.995300 -4.275040 -2.053740
9.512330 -3.901630 -1.814380
10.105950 -3.537800 -1.469690
11.130430 -3.116520 -0.837770
11.513410 -2.302680 -0.483520
11.829370 -2.111190 -0.627130
13.476190 -2.149490 -0.703730
14.031520 -0.301600 -0.445220
14.079390 1.871830 1.613310
14.175140 3.547370 3.690990
14.347480 5.175050 4.418660
13.964500 7.319750 4.418660
13.581510 8.248480 4.839940
13.083640 7.386770 6.812300
13.524070 7.769760 7.396350
13.792150 9.148490 7.654860
13.715560 10.527230 7.817630
13.495340 10.881490 7.741030
13.447470 9.971900 7.109110
14.060240 8.124010 6.209100
14.653860 6.199530 5.404840
14.663440 4.035680 3.959080
14.711310 3.087800 3.173970
14.596420 2.092040 2.331410
14.232580 0.990970 1.575020
13.792150 -0.205850 1.029270
13.121940 -1.182460 0.684580
12.375120 -1.737780 0.397340
11.561280 -2.187790 -0.225000
10.833610 -2.877160 -0.684580
10.163400 -3.758010 -1.230330
9.378280 -4.275040 -1.603740
8.593170 -4.054830 -1.776080
7.970820 -3.844190 -1.689910
7.664440 -3.911210 -1.680340
7.472940 -4.121850 -1.919700
7.396350 -4.322910 -2.139910
7.367620 -4.246320 -2.187790
7.405920 -3.959080 -2.187790
7.578260 -3.844190 -2.331410
7.922950 -3.930360 -2.647370
8.516570 -4.169720 -2.685660
9.407000 -4.141000 -2.273960
10.211270 -3.604820 -2.044170
10.536800 -2.953750 -2.350550
11.618730 -2.771840 -1.833530
13.294280 -1.852680 -0.225000
13.658110 0.177130 0.646280
13.849600 2.101620 1.125010
14.797480 3.049500 2.676090
15.218760 3.920780 4.208020
14.510250 5.672930 5.031430
13.763430 7.176130 5.883570
14.050670 6.927190 6.994220
14.290030 6.113360 7.520820
13.648540 5.912290 6.936770
13.083640 5.471860 5.682500
13.131510 4.313340 4.495260
12.815550 3.327160 3.576100
12.202780 2.762260 2.589920
11.408090 2.609070 1.910120
11.140000 1.689910 1.996300
11.034680 0.799480 2.178210
10.814470 0.205850 1.986720
10.824040 -0.359050 1.507990
10.996380 -0.856920 1.096290
11.149580 -1.201610 0.895220
11.178300 -1.335650 0.799480
11.111280 -1.469690 0.761180
11.053830 -1.651610 0.655860
10.900640 -1.689910 0.464370
10.699570 -1.507990 0.253730
10.575100 -1.373950 0.234580
