11.283620 -1.335650 0.215430
11.178300 -1.345230 0.177130
10.919790 -1.364370 0.157980
10.661270 -1.316500 0.119680
10.498510 -1.239910 0.119680
10.517650 -1.287780 0.081380
10.584680 -1.383520 0.110110
10.594250 -1.460120 0.157980
10.546380 -1.393100 0.196280
10.632550 -1.278200 0.253730
10.824040 -1.316500 0.263300
10.862340 -1.450550 0.244150
10.891060 -1.498420 0.196280
10.977230 -1.373950 0.215430
10.986810 -1.086710 0.311170
11.226170 -1.172880 0.540960
11.570860 -1.096290 0.684580
11.733620 -0.694160 0.885650
12.221930 0.043090 1.115440
12.557040 1.594160 1.642040
12.719800 3.681420 2.331410
12.116610 5.328240 3.049500
11.274040 5.127180 4.150570
11.580430 4.571850 4.725050
12.279370 4.782490 5.165480
12.691080 5.347390 5.318670
13.074060 5.433560 5.289940
13.744280 4.696320 4.859090
14.021940 3.355880 3.834610
13.782580 1.756930 2.695240
13.447470 0.550540 1.890980
13.102790 -0.081380 1.431400
12.796400 -0.607980 1.182460
12.403840 -1.268630 0.789900
11.791070 -2.159060 0.023940
11.063400 -3.126090 -1.086710
10.421910 -3.786740 -1.948420
9.751690 -4.160150 -2.532470
8.861260 -4.600580 -2.992050
7.961250 -4.887810 -3.595250
7.425070 -5.108030 -3.920780
7.549540 -5.146330 -3.595250
7.827200 -4.820790 -3.011200
7.683580 -4.208020 -2.542050
7.597410 -3.997380 -2.465450
9.081470 -4.064400 -2.589920
9.943180 -3.528230 -2.551620
11.015530 -3.509080 -2.427150
11.580430 -3.633550 -2.197360
12.777250 -2.886730 -1.402670
14.165560 -0.990970 -0.923950
14.730460 0.071810 0.196280
15.075150 1.000540 1.996300
15.199610 4.026100 3.911210
14.682590 8.114440 5.730370
13.993220 10.153820 7.185710
14.079390 9.234660 8.842110
14.242160 8.325080 9.387860
13.725130 9.569770 9.052750
13.217680 10.469780 8.708060
13.370870 9.933610 8.708060
13.763430 9.225090 8.497420
13.868750 8.909130 7.855930
13.830450 7.922950 6.994220
13.954920 6.371870 6.132510
14.117690 5.184620 5.280370
14.318750 4.093120 4.485680
14.309180 3.135670 3.767590
14.108110 2.321830 2.982480
13.926200 1.373950 2.226090
13.715560 0.311170 1.412250
13.150660 -0.713300 0.627130
12.375120 -1.479270 0.052660
11.637880 -1.910120 -0.464370
10.776170 -2.417580 -1.086710
10.019780 -3.279290 -1.632460
9.378280 -3.949510 -2.178210
8.698490 -3.968660 -2.695240
8.095290 -3.901630 -2.925030
7.779330 -4.169720 -2.858010
7.472940 -4.351640 -2.867580
7.176130 -4.322910 -3.011200
7.089960 -4.227170 -3.106940
7.271880 -4.121850 -3.039920
7.855930 -4.073980 -2.953750
8.382530 -4.380360 -3.528230
8.909130 -5.146330 -4.543130
9.789990 -5.701650 -4.887810
11.044250 -5.203770 -3.097370
11.992140 -2.972900 -0.818620
13.026190 -1.795230 -0.234580
15.783660 -1.929270 -0.684580
17.823040 -0.713300 -0.904800
16.942180 4.208020 1.594160
15.247490 10.364460 4.571850
14.290030 12.633630 7.405920
13.715560 10.565530 8.516570
13.897470 7.741030 7.942100
13.026190 6.860170 6.496340
11.934690 6.008040 5.117600
12.394270 3.796310 4.284620
12.959170 2.369700 3.212260
12.566610 2.599490 1.996300
11.992140 3.001620 1.565440
11.666600 2.484600 1.670760
11.427240 1.182460 1.594160
11.264470 -0.177130 1.057990
10.986810 -0.617560 0.569690
10.824040 -0.368620 0.550540
10.929360 -0.665430 0.828200
11.025110 -1.249480 0.742030
10.977230 -1.163310 0.282450
10.910210 -0.742030 -0.014360
10.852760 -0.962240 0.081380
10.862340 -1.517570 0.445220
10.804890 -1.642040 0.464370
10.814470 -1.230330 0.359050
10.824040 -0.952670 0.454790
