10.747440 -1.996300 0.263300
10.824040 -2.072890 0.157980
10.757020 -2.139910 0.110110
10.603830 -2.111190 0.052660
10.517650 -2.111190 0.071810
10.488930 -2.149490 0.052660
10.527230 -2.159060 0.062230
10.575100 -2.063320 0.138830
10.498510 -1.938850 0.157980
10.498510 -2.025020 0.119680
10.622970 -2.216510 0.043090
10.709150 -2.235660 -0.023940
10.843190 -2.226090 -0.004790
11.446390 -2.053740 0.454790
12.681500 -1.354800 1.153730
13.323000 -0.272870 1.316500
13.284700 0.473940 1.287780
13.045340 1.670760 1.938850
12.279370 3.059070 3.355880
11.800650 3.786740 4.878240
12.164480 4.897390 5.979310
12.394270 6.678260 6.515490
12.499590 7.281450 7.166560
12.920870 6.333570 7.587840
13.782580 4.878240 7.271880
14.740040 3.298440 6.209100
15.333660 1.785660 4.523980
15.381530 0.569690 2.628220
15.036850 -0.665430 0.837770
14.519820 -1.977150 -0.493090
13.907050 -3.078220 -1.163310
13.131510 -3.729290 -1.871830
12.375120 -4.284620 -2.704810
11.590010 -4.859090 -3.576100
10.278290 -5.108030 -4.734620
8.947430 -5.443140 -5.979310
7.922950 -5.653780 -6.429320
7.501670 -5.385690 -5.979310
7.482520 -5.060160 -4.916540
7.300600 -4.801640 -4.160150
7.396350 -4.839940 -3.643120
7.846350 -4.638870 -3.346310
8.430400 -4.409090 -3.164390
9.110190 -4.380360 -3.145240
9.924030 -4.533550 -2.972900
10.546380 -4.389940 -2.752690
11.733620 -4.523980 -1.996300
13.188960 -4.121850 -0.713300
13.753860 -2.733540 0.052660
14.902800 -1.575020 0.904800
16.616650 -1.536720 2.360130
16.865590 -1.507990 3.844190
16.616650 0.052660 5.184620
16.166640 3.920780 5.969740
15.161320 8.535720 6.888900
14.577270 10.201690 8.928280
14.807060 9.474030 10.642120
14.644290 8.889980 10.824040
13.562360 10.402760 9.474030
12.040010 11.522980 8.401680
12.355970 9.454880 8.047420
13.715560 7.463370 7.779330
14.270880 6.706980 7.176130
13.974070 6.620810 6.544210
13.916620 6.189950 6.055910
14.740040 4.581430 5.759100
15.707070 2.743110 5.012280
15.735790 1.431400 3.738870
15.266640 0.387770 2.446300
14.988970 -0.588840 1.603740
14.519820 -1.345230 1.029270
13.820880 -1.910120 0.406920
13.169810 -2.810130 -0.225000
12.355970 -3.805890 -0.837770
11.446390 -4.629300 -1.536720
10.364460 -4.887810 -2.130340
9.397430 -5.012280 -2.733540
8.736790 -5.280370 -3.528230
8.133590 -5.481440 -4.217590
7.310180 -5.328240 -4.246320
6.716550 -4.839940 -3.901630
6.687830 -4.399510 -3.566520
7.089960 -4.150570 -3.384610
7.453800 -4.188870 -3.432480
7.683580 -4.303770 -3.499500
8.124010 -4.389940 -3.652690
8.899550 -4.466530 -3.566520
9.789990 -4.437810 -3.135670
11.216600 -3.892060 -2.264380
12.269800 -3.116520 -1.354800
12.729380 -2.685660 -1.000540
13.840030 -2.896300 -0.464370
15.687920 -2.925030 0.885650
17.708150 -1.948420 2.092040
18.770930 1.182460 2.695240
18.234750 5.538880 3.671840
15.774090 8.621890 5.079300
13.323000 8.392100 6.228250
12.490010 5.634630 6.094210
12.174050 3.173970 5.902720
11.982560 2.302680 6.324000
12.442140 2.628220 6.381440
12.633630 2.695240 5.845270
12.011290 2.226090 4.543130
11.408090 1.814380 3.231410
11.360220 1.115440 2.637790
11.494260 0.177130 2.197360
11.532560 -0.914370 1.680340
11.427240 -1.575020 1.105860
11.283620 -1.881400 0.646280
11.254900 -2.139910 0.483520
11.264470 -2.159060 0.464370
11.092130 -1.881400 0.397340
10.938940 -1.603740 0.263300
10.757020 -1.373950 0.215430
10.603830 -1.450550 0.110110
10.670850 -2.025020 -0.023940
10.757020 -2.436730 -0.129260
