9.780410 -3.346310 1.910120
9.904880 -3.384610 1.996300
9.962330 -3.308010 1.958000
9.809140 -3.298440 1.890980
9.684670 -3.422910 1.833530
9.665520 -3.461200 1.919700
9.722970 -3.422910 2.005870
9.789990 -3.394180 2.072890
9.789990 -3.365460 2.063320
9.751690 -3.308010 1.996300
9.780410 -3.489930 2.044170
9.847440 -3.604820 2.044170
9.837860 -3.537800 2.063320
9.780410 -3.537800 2.044170
9.732540 -3.633550 2.092040
9.636790 -3.643120 2.063320
9.588920 -3.690990 2.120770
9.665520 -3.796310 2.245230
9.837860 -3.777160 2.388850
9.895310 -3.614400 2.656940
9.780410 -3.336730 2.867580
9.646370 -3.202690 3.068650
9.703820 -3.355880 3.193120
9.751690 -3.633550 3.451630
9.684670 -3.614400 3.901630
9.598500 -3.346310 4.035680
9.742120 -3.279290 4.064400
9.904880 -3.489930 4.006950
9.809140 -3.834610 4.102700
9.655940 -3.930360 4.715470
9.732540 -3.777160 5.069730
10.058080 -3.489930 5.041010
10.450630 -3.566520 5.146330
10.259140 -4.284620 5.203770
9.885730 -4.973980 5.136750
9.818710 -5.041010 5.136750
9.991050 -4.495260 5.021860
10.297440 -3.968660 4.945260
10.307010 -4.188870 4.897390
9.866590 -4.667600 4.906960
9.445300 -4.705900 5.041010
9.359130 -4.294190 5.136750
9.636790 -3.844190 5.136750
9.703820 -3.690990 5.251650
9.330410 -3.987800 5.443140
8.784660 -4.533550 5.701650
8.602740 -4.725050 5.759100
9.014450 -4.246320 6.142080
9.397430 -3.480350 6.735700
9.349560 -3.231410 6.984640
9.033600 -3.671840 6.946340
8.851680 -4.169720 6.908050
8.794230 -4.112270 6.745280
8.794230 -3.805890 6.879320
8.765510 -3.834610 7.176130
8.564440 -3.968660 7.224010
8.334650 -4.342060 6.869750
7.865500 -4.648450 6.247400
7.329330 -4.236740 6.400590
7.281450 -3.681420 7.415500
7.415500 -3.039920 8.545290
7.319750 -2.321830 8.593170
7.166560 -2.293110 8.191040
6.975070 -3.212260 7.865500
6.534640 -4.188870 7.855930
6.046330 -4.246320 7.788900
5.816550 -3.777160 7.597410
5.806970 -3.375030 7.989970
5.491010 -3.250560 8.104870
5.050580 -3.461200 8.056990
4.562280 -3.614400 7.808050
4.054830 -3.825040 7.702730
3.748440 -3.499500 7.769760
3.489930 -2.810130 8.334650
3.375030 -2.254810 8.909130
3.355880 -2.082470 9.100620
3.078220 -2.312260 9.272960
2.723960 -2.848430 9.263390
2.475020 -3.097370 9.167640
2.216510 -3.039920 9.330410
2.082470 -2.762260 9.272960
2.044170 -2.350550 9.263390
1.804800 -2.092040 9.502750
1.565440 -2.283530 9.837860
1.594160 -2.379280 9.541050
1.412250 -2.264380 9.272960
1.010120 -2.293110 9.474030
0.684580 -2.436730 9.636790
0.636710 -2.130340 9.483600
0.569690 -1.498420 9.014450
0.215430 -1.259050 9.234660
-0.119680 -1.440970 9.263390
-0.397340 -1.517570 8.995300
-0.512240 -1.220760 8.564440
-0.560110 -0.971820 8.430400
-0.866500 -0.914370 8.516570
-1.239910 -0.981390 8.286780
-1.421820 -0.962240 8.047420
-1.622890 -0.703730 7.913370
-2.101620 -0.368620 7.903800
-2.542050 -0.157980 7.817630
-2.695240 -0.071810 7.721880
-2.676090 0.071810 7.721880
-2.532470 0.062230 7.769760
-2.542050 0.196280 7.626140
-3.020770 0.311170 7.482520
-3.489930 0.081380 7.501670
-3.623970 -0.081380 7.386770
-3.518650 0.196280 7.224010
-3.825040 0.789900 7.013370
-4.322910 1.048410 7.080390
-4.476110 1.038840 7.156980
-4.380360 1.038840 6.898470
-4.504830 1.249480 6.793150
-4.849520 1.402670 6.869750
-4.916540 1.316500 6.649530
-4.782490 1.086710 6.142080
-4.801640 0.703730 5.730370
-4.820790 0.493090 5.184620
-4.705900 0.761180 4.658020
-4.926110 1.335650 4.322910
-5.519730 1.440970 4.409090
-5.739950 1.115440 4.284620
-5.950590 0.713300 3.882480
-6.314420 0.646280 3.595250
-6.716550 1.057990 3.585670
-6.994220 1.689910 3.738870
-7.128260 2.072890 4.045250
-7.109110 2.149490 4.093120
-7.137830 2.101620 4.083550
-7.109110 1.910120 3.815460
-7.022940 1.996300 3.643120
