10.115520 -0.540960 2.580340
10.144250 -0.588840 2.618640
10.134670 -0.588840 2.609070
10.144250 -0.617560 2.599490
10.163400 -0.694160 2.589920
10.163400 -0.722880 2.609070
10.144250 -0.665430 2.676090
10.201690 -0.675010 2.685660
10.220840 -0.675010 2.695240
10.201690 -0.617560 2.666510
10.211270 -0.617560 2.733540
10.220840 -0.607980 2.704810
10.259140 -0.694160 2.656940
10.297440 -0.703730 2.637790
10.259140 -0.675010 2.714390
10.115520 -0.627130 2.848430
10.125100 -0.598410 2.944180
10.153820 -0.588840 2.953750
10.134670 -0.627130 2.953750
10.067650 -0.598410 2.972900
10.163400 -0.540960 3.375030
10.326160 -0.684580 3.738870
10.297440 -0.732450 4.054830
10.307010 -0.694160 4.380360
10.421910 -0.627130 4.686750
10.536800 -0.406920 4.610150
10.441060 -0.090960 4.437810
10.450630 0.043090 4.198450
10.603830 -0.311170 4.169720
10.670850 -0.617560 4.418660
10.517650 -0.981390 4.456960
10.268720 -1.354800 4.658020
10.067650 -0.933520 4.897390
10.096370 -0.502660 4.983560
10.268720 -0.684580 4.926110
10.297440 -0.847350 5.222920
10.412330 -0.646280 5.864420
10.517650 -0.694160 6.247400
10.297440 -0.866500 6.113360
9.952760 -1.067560 5.826120
9.818710 -1.211180 5.816550
9.732540 -0.914370 6.218680
9.722970 -0.933520 6.419740
10.134670 -1.632460 6.601660
10.335740 -1.795230 6.668680
10.239990 -1.862250 6.841020
10.115520 -1.986720 7.051660
10.326160 -1.977150 7.358050
10.450630 -1.613310 7.741030
10.067650 -1.201610 8.037840
9.675090 -0.952670 8.315510
9.416580 -0.990970 7.999550
8.976150 -1.134590 7.520820
8.468700 -1.364370 7.578260
8.028270 -1.383520 8.114440
7.846350 -1.048410 8.056990
7.999550 -1.000540 7.702730
7.875080 -1.259050 7.511240
7.377200 -1.412250 7.626140
6.898470 -1.105860 7.999550
6.630380 -0.550540 7.808050
6.572940 -0.694160 7.645290
6.199530 -1.029270 8.085720
5.730370 -1.134590 8.727210
5.672930 -1.507990 8.976150
5.749520 -1.163310 9.167640
5.491010 -0.100530 9.474030
5.031430 -0.023940 10.038930
4.322910 -0.253730 10.508080
4.016530 0.186700 9.866590
3.978230 0.167550 10.105950
3.662270 0.703730 10.661270
3.480350 0.818620 10.814470
3.346310 0.359050 10.584680
2.915450 0.148410 10.000630
2.570770 -0.129260 9.588920
2.513320 -0.560110 9.885730
2.427150 -0.435640 10.249570
2.206940 0.339900 9.866590
1.890980 0.694160 9.205940
1.507990 0.349470 9.177220
1.096290 0.023940 9.234660
0.780330 0.062230 8.957000
0.789900 0.043090 8.641040
0.904800 0.052660 8.143160
0.789900 0.033510 7.664440
0.320750 -0.196280 7.195280
-0.473940 -0.713300 7.089960
-1.259050 -0.818620 7.214430
-1.709060 0.004790 7.185710
-1.613310 0.876070 6.927190
-1.661190 1.440970 6.984640
-2.264380 1.766510 7.176130
-2.944180 1.852680 6.994220
-3.489930 1.843100 6.649530
-3.911210 1.737780 5.988890
-4.006950 1.431400 5.625050
-4.006950 1.163310 5.605900
-4.102700 0.990970 5.778250
-4.255890 0.981390 6.008040
-4.428230 1.412250 5.481440
-4.705900 1.862250 4.916540
-4.945260 1.900550 4.725050
-5.175050 1.546290 4.973980
-5.404840 1.364370 5.041010
-5.548460 1.373950 4.610150
-5.682500 1.326080 4.150570
-5.845270 1.249480 4.035680
-5.921870 1.450550 3.911210
-6.132510 1.747360 4.054830
-6.448470 2.187790 4.179300
-6.601660 2.484600 3.949510
-6.764430 2.599490 3.671840
-6.898470 2.503750 3.336730
-6.783580 2.446300 3.068650
-6.831450 2.542050 2.666510
-6.975070 2.551620 2.388850
-7.042090 2.206940 2.379280
-6.984640 1.919700 2.321830
-6.994220 2.015450 1.785660
-7.262300 2.082470 1.488840
-7.645290 2.264380 1.776080
-7.808050 2.685660 1.929270
-7.712310 2.819710 1.670760
-7.587840 2.475020 1.153730
-7.635710 1.785660 0.789900
-7.693160 1.354800 0.617560
-7.520820 1.412250 0.684580
-7.338900 1.737780 0.665430
-7.597410 1.823950 0.655860
-7.961250 1.776080 0.359050
-8.124010 2.053740 -0.081380
