9.818710 -2.666510 2.733540
9.780410 -2.838860 2.609070
9.770840 -2.896300 2.561200
9.722970 -2.819710 2.551620
9.655940 -2.723960 2.561200
9.617650 -2.743110 2.580340
9.646370 -2.723960 2.532470
9.646370 -2.790980 2.465450
9.579350 -2.905880 2.465450
9.569770 -2.790980 2.503750
9.588920 -2.781410 2.599490
9.560200 -2.829280 2.647370
9.655940 -2.800560 2.676090
9.742120 -2.829280 2.570770
9.703820 -2.886730 2.647370
9.627220 -2.800560 2.666510
9.684670 -2.762260 2.656940
9.799560 -2.905880 2.685660
9.895310 -2.915450 2.752690
9.866590 -2.800560 2.819710
9.761260 -2.733540 2.877160
9.703820 -2.771840 2.972900
9.761260 -2.723960 2.934600
9.789990 -2.685660 2.867580
9.751690 -2.666510 2.915450
9.665520 -2.647370 2.858010
9.732540 -2.676090 2.771840
9.751690 -2.781410 2.790980
9.675090 -2.743110 2.848430
9.627220 -2.647370 2.829280
9.684670 -2.637790 2.867580
9.694240 -2.656940 2.877160
9.694240 -2.704810 2.972900
9.627220 -2.886730 3.039920
9.569770 -2.714390 3.212260
9.636790 -2.542050 3.509080
9.684670 -2.340980 3.796310
9.684670 -2.226090 3.710140
9.761260 -2.293110 3.748440
9.713390 -2.551620 3.681420
9.646370 -2.982480 3.595250
9.636790 -3.126090 3.499500
9.627220 -3.039920 3.528230
9.713390 -3.011200 3.805890
9.818710 -2.925030 4.131420
9.847440 -2.800560 4.342060
9.799560 -2.838860 4.571850
9.761260 -2.743110 4.792070
9.818710 -2.676090 4.973980
9.904880 -2.781410 4.993130
9.837860 -2.963330 4.964410
9.780410 -3.346310 4.935690
9.742120 -3.853760 5.050580
9.588920 -3.758010 5.136750
9.502750 -3.135670 5.299520
9.588920 -2.733540 5.605900
9.675090 -2.925030 5.749520
9.349560 -3.738870 5.596330
9.301690 -3.614400 5.615480
9.272960 -3.652690 5.739950
9.167640 -3.566520 5.969740
9.014450 -3.346310 6.228250
8.832530 -3.336730 6.467620
8.650620 -3.432480 6.515490
8.574020 -3.633550 6.467620
8.507000 -3.796310 6.496340
8.363380 -3.662270 6.812300
8.296360 -3.461200 7.358050
8.344230 -3.480350 7.626140
8.191040 -3.614400 8.009120
8.152740 -4.006950 8.382530
8.248480 -4.179300 8.832530
8.152740 -4.006950 9.253810
7.875080 -4.265470 9.071900
7.578260 -4.380360 8.449550
7.195280 -4.198450 8.085720
6.592080 -3.796310 8.325080
6.008040 -3.518650 8.765510
5.558030 -3.269710 8.641040
5.002710 -3.432480 8.507000
4.313340 -3.882480 8.803810
3.805890 -3.892060 8.688910
3.652690 -3.384610 8.296360
3.250560 -2.580340 8.344230
2.704810 -2.015450 8.698490
2.340980 -2.139910 9.004870
2.283530 -2.695240 8.842110
2.178210 -2.656940 8.411250
1.737780 -1.776080 8.191040
1.077140 -1.067560 8.258060
0.445220 -1.125010 8.478270
0.167550 -1.354800 8.353800
0.043090 -1.125010 7.951670
-0.320750 -0.684580 7.750610
-1.019690 -0.167550 7.712310
-1.555870 0.071810 7.817630
-1.575020 -0.100530 8.095290
-1.412250 -0.052660 8.066570
-1.488840 -0.272870 7.750610
-1.843100 -0.464370 7.578260
-2.120770 -0.301600 7.386770
-2.283530 -0.033510 7.109110
-2.522900 0.454790 6.879320
-2.886730 0.933520 6.678260
-3.288860 1.144160 6.505910
-3.662270 0.971820 6.410170
-3.690990 1.077140 5.854840
-3.815460 1.316500 5.366540
-4.131420 1.412250 5.356970
-4.878240 1.766510 4.983560
-5.376120 1.948420 5.041010
-5.299520 1.728210 4.839940
-5.634630 2.264380 4.284620
-6.008040 3.087800 4.141000
-6.362300 3.154820 4.150570
-6.505910 2.810130 3.863340
-6.601660 2.637790 3.643120
-6.706980 2.781410 3.556950
-6.783580 2.934600 3.489930
-6.860170 3.087800 3.317590
-6.879320 3.317590 2.915450
-7.032510 3.700570 2.819710
-7.300600 3.968660 2.771840
-7.444220 3.643120 2.561200
-7.367620 3.231410 2.178210
-7.338900 3.068650 1.881400
-7.482520 3.298440 1.718630
-7.635710 3.643120 1.862250
-7.530390 3.930360 1.507990
-7.530390 4.045250 1.306930
-7.606990 3.920780 1.182460
-7.750610 3.738870 1.010120
