9.991050 -1.929270 2.408000
9.914460 -1.996300 2.350550
9.876160 -2.044170 2.331410
9.876160 -1.967570 2.369700
9.895310 -1.814380 2.417580
9.895310 -1.776080 2.570770
9.914460 -1.823950 2.494170
9.914460 -1.996300 2.379280
9.895310 -2.072890 2.436730
9.952760 -1.958000 2.522900
9.981480 -1.871830 2.647370
9.971900 -1.823950 2.771840
10.029350 -1.776080 2.810130
10.086800 -1.833530 2.915450
10.144250 -1.833530 2.992050
10.201690 -1.747360 3.039920
10.182540 -1.699480 2.972900
10.096370 -1.737780 2.925030
10.067650 -1.823950 2.934600
10.115520 -1.814380 2.982480
10.125100 -1.737780 2.992050
10.048500 -1.699480 3.059070
10.000630 -1.613310 3.039920
9.991050 -1.661190 3.039920
10.019780 -1.642040 3.030350
10.077230 -1.670760 3.078220
10.115520 -1.747360 3.106940
9.962330 -1.642040 3.231410
9.904880 -1.565440 3.260140
10.058080 -1.651610 3.250560
10.278290 -1.747360 3.489930
10.278290 -1.507990 3.738870
10.211270 -1.364370 3.930360
10.287870 -1.421820 4.361210
10.527230 -1.019690 4.744190
10.613400 -0.521810 5.002710
10.498510 -0.272870 5.194200
10.421910 -0.512240 5.289940
10.479360 -1.048410 5.270800
10.488930 -1.163310 5.471860
10.555950 -1.297350 5.979310
10.651700 -1.259050 6.333570
10.575100 -0.952670 6.429320
10.546380 -1.067560 6.458040
10.757020 -1.680340 6.716550
10.862340 -1.153730 7.271880
10.594250 -0.081380 7.539970
10.354890 -0.225000 7.741030
10.421910 -1.278200 7.693160
10.508080 -2.331410 7.645290
10.374040 -2.120770 7.951670
9.885730 -0.981390 8.219760
9.474030 -0.694160 8.583590
9.426150 -1.383520 8.497420
9.655940 -2.388850 8.114440
9.445300 -2.810130 8.574020
8.909130 -2.015450 9.177220
8.315510 -1.469690 9.493180
7.836780 -1.785660 9.253810
7.616560 -2.570770 8.928280
7.252730 -3.116520 8.889980
6.601660 -2.475020 8.688910
5.816550 -1.498420 8.296360
4.993130 -1.163310 8.104870
4.236740 -1.584590 8.325080
3.777160 -1.795230 8.353800
3.623970 -1.575020 8.344230
3.470780 -1.440970 8.516570
3.135670 -1.345230 8.564440
2.656940 -1.297350 8.641040
2.197360 -1.354800 8.669760
1.852680 -1.306930 8.277210
1.450550 -0.923950 7.855930
0.856920 -0.550540 7.731460
0.148410 -0.311170 7.683580
-0.368620 -0.339900 7.836780
-0.531390 -0.359050 7.741030
-0.684580 -0.464370 7.846350
-1.010120 -0.148410 7.597410
-1.297350 0.607980 7.310180
-1.488840 1.326080 6.879320
-1.948420 1.383520 6.563360
-3.288860 0.990970 6.486770
-3.279290 1.211180 6.649530
-2.925030 1.517570 6.285700
-2.982480 1.670760 5.711230
-3.585670 1.986720 4.983560
-4.303770 2.293110 4.409090
-4.868660 2.503750 3.767590
-5.404840 2.465450 3.614400
-5.778250 2.609070 3.537800
-6.036760 3.154820 3.777160
-6.094210 3.614400 4.121850
-5.969740 3.260140 4.227170
-5.912290 3.001620 3.595250
-6.113360 3.327160 3.154820
-6.151650 3.537800 3.030350
-5.998460 2.790980 3.049500
-5.902720 1.890980 2.704810
-6.247400 1.795230 2.331410
-6.754850 2.379280 1.823950
-7.022940 2.542050 1.776080
-7.013370 2.015450 2.235660
-6.975070 1.584590 2.302680
-7.147410 1.689910 1.890980
-7.559120 2.455870 1.536720
-7.808050 3.260140 1.220760
-7.865500 3.700570 1.163310
-7.817630 3.633550 1.211180
-7.855930 3.499500 1.335650
-7.970820 3.461200 1.345230
-8.191040 3.604820 1.192030
-8.344230 3.805890 1.278200
-8.296360 3.997380 1.594160
-8.191040 4.188870 2.063320
-7.942100 4.351640 2.197360
-7.836780 4.466530 1.986720
-8.028270 4.485680 1.632460
-8.325080 4.380360 1.527140
-8.344230 4.121850 1.421820
-8.114440 3.825040 1.335650
-8.037840 3.643120 1.345230
-8.171890 3.681420 1.565440
-8.258060 3.901630 1.862250
-8.095290 4.150570 1.938850
-7.922950 4.141000 1.958000
-7.884650 3.911210 1.919700
-7.903800 3.767590 1.881400
-7.970820 3.710140 1.776080
-8.047420 3.748440 1.689910
-7.903800 3.767590 1.670760
-7.721880 3.643120 1.795230
