9.636790 -3.049500 2.159060
9.560200 -3.011200 2.178210
9.636790 -3.097370 2.168640
9.770840 -3.250560 2.092040
9.837860 -3.298440 2.168640
9.809140 -3.250560 2.206940
9.703820 -3.193120 2.206940
9.742120 -3.193120 2.149490
9.904880 -3.279290 2.197360
9.971900 -3.308010 2.340980
9.885730 -3.260140 2.436730
9.751690 -3.202690 2.436730
9.694240 -3.193120 2.408000
9.713390 -3.240990 2.436730
9.751690 -3.279290 2.494170
9.713390 -3.231410 2.532470
9.608070 -3.173970 2.666510
9.445300 -3.183540 3.030350
9.387860 -3.154820 3.576100
9.646370 -2.609070 4.198450
10.000630 -2.025020 4.476110
10.354890 -1.833530 4.686750
10.546380 -1.488840 4.610150
10.565530 -1.268630 4.629300
10.651700 -1.479270 4.600580
10.881490 -1.843100 4.801640
11.101700 -1.756930 4.849520
11.341070 -1.709060 4.849520
11.331490 -1.680340 4.734620
11.063400 -1.833530 4.772920
11.053830 -2.072890 5.146330
11.408090 -1.967570 5.222920
11.360220 -1.000540 5.232500
11.666600 -1.498420 5.663350
12.202780 -1.584590 6.371870
12.442140 -1.067560 6.295270
11.992140 -0.885650 5.873990
11.570860 -1.306930 5.328240
11.140000 -2.245230 5.232500
10.565530 -2.676090 5.701650
10.488930 -2.025020 6.132510
10.804890 -1.479270 6.094210
10.690000 -1.737780 5.941020
10.182540 -2.245230 5.969740
9.885730 -2.245230 6.343150
9.742120 -1.871830 6.419740
9.579350 -1.766510 6.745280
9.464450 -1.823950 6.659110
9.368710 -1.575020 6.812300
9.071900 -0.866500 7.013370
8.784660 -0.560110 7.559120
8.315510 -0.531390 7.750610
7.865500 -0.473940 7.865500
7.616560 -0.339900 8.037840
7.453800 -0.196280 8.229340
7.319750 -0.282450 8.363380
6.869750 -0.368620 8.459130
6.189950 -0.531390 8.191040
5.510160 -0.694160 7.741030
5.012280 -0.426070 7.817630
4.715470 0.445220 8.095290
4.265470 1.144160 8.516570
3.853760 1.393100 9.301690
3.690990 1.259050 9.924030
3.710140 1.000540 9.780410
3.355880 1.019690 9.474030
2.465450 1.527140 9.368710
1.881400 2.092040 9.435730
2.714390 2.015450 10.000630
3.164390 2.053740 10.144250
3.087800 2.063320 9.943180
2.858010 1.527140 10.239990
2.379280 1.345230 10.757020
1.890980 1.776080 10.910210
2.025020 2.475020 10.230420
2.427150 2.915450 9.780410
2.283530 2.972900 9.464450
1.517570 2.331410 9.694240
0.981390 1.498420 10.086800
0.914370 1.910120 9.780410
1.220760 3.001620 8.535720
1.220760 2.953750 7.942100
0.598410 2.111190 8.219760
-0.521810 1.565440 7.951670
-1.287780 1.651610 7.185710
-1.450550 1.910120 6.975070
-1.421820 2.044170 6.841020
-1.699480 2.159060 6.687830
-1.977150 2.254810 6.400590
-1.919700 1.852680 6.477190
-1.929270 1.766510 6.639960
-2.408000 2.149490 6.247400
-2.810130 2.139910 5.988890
-2.685660 1.862250 5.605900
-2.695240 1.680340 5.519730
-3.116520 1.833530 5.433560
-3.604820 1.938850 5.280370
-3.633550 2.149490 4.830370
-3.729290 2.302680 4.734620
-4.112270 2.436730 4.437810
-4.342060 2.206940 4.399510
-4.638870 2.092040 4.523980
-5.127180 2.522900 4.093120
-5.395260 2.810130 3.461200
-5.289940 2.637790 3.690990
-5.041010 2.647370 3.911210
-5.021860 2.829280 3.930360
-5.117600 2.800560 3.767590
-5.625050 2.695240 3.633550
-5.797400 2.676090 3.480350
-4.964410 2.235660 3.489930
-5.031430 2.408000 3.298440
-6.534640 3.461200 3.087800
-7.166560 3.949510 2.925030
-5.672930 3.078220 2.963330
-4.878240 1.871830 3.671840
-7.731460 2.226090 3.777160
-10.182540 3.432480 3.298440
-8.765510 3.422910 3.758010
-6.142080 3.384610 4.533550
-5.816550 3.643120 4.935690
-7.865500 3.892060 4.514410
-8.124010 3.461200 3.633550
-6.716550 2.513320 3.202690
-6.745280 2.254810 3.116520
-7.980400 2.417580 2.925030
-7.980400 1.929270 2.637790
-7.281450 1.431400 2.484600
-7.702730 1.814380 2.465450
-7.798480 2.321830 2.446300
-7.176130 2.398430 2.494170
-7.626140 2.589920 2.369700
