9.627220 -3.059070 2.704810
9.608070 -3.097370 2.714390
9.560200 -3.039920 2.714390
9.588920 -3.020770 2.704810
9.655940 -3.011200 2.666510
9.684670 -3.020770 2.752690
9.617650 -3.068650 2.762260
9.550620 -3.116520 2.704810
9.550620 -3.145240 2.666510
9.598500 -3.116520 2.618640
9.617650 -3.068650 2.704810
9.646370 -3.059070 2.781410
9.608070 -3.087800 2.810130
9.560200 -3.001620 2.819710
9.627220 -2.972900 2.743110
9.675090 -3.097370 2.781410
9.636790 -3.106940 2.925030
9.608070 -2.992050 3.221840
9.550620 -2.944180 3.355880
9.483600 -3.212260 3.336730
9.454880 -3.470780 3.623970
9.579350 -3.346310 4.600580
9.608070 -2.494170 5.050580
9.761260 -2.034590 5.242070
10.144250 -2.226090 5.376120
10.239990 -3.078220 5.356970
9.904880 -3.997380 5.127180
9.588920 -4.399510 4.945260
9.646370 -3.825040 5.251650
10.000630 -3.135670 5.481440
10.354890 -2.982480 5.730370
10.259140 -3.078220 5.835700
9.924030 -3.499500 5.596330
9.742120 -3.623970 5.356970
9.655940 -3.509080 5.567610
9.761260 -3.690990 5.787820
9.981480 -3.959080 6.008040
10.038930 -3.844190 6.525060
9.943180 -3.566520 7.204860
9.962330 -3.719720 7.300600
10.115520 -4.638870 7.377200
10.326160 -5.050580 7.702730
10.096370 -4.543130 8.248480
9.684670 -4.476110 8.334650
9.636790 -5.203770 8.392100
9.732540 -5.481440 8.535720
9.407000 -5.356970 8.688910
8.650620 -5.433560 8.660190
8.238910 -5.816550 8.516570
8.277210 -5.510160 8.851680
8.353800 -4.466530 9.426150
8.076140 -3.844190 9.521900
7.358050 -3.738870 9.052750
6.429320 -3.939930 8.526150
5.356970 -3.863340 8.305930
4.485680 -3.461200 8.554870
3.987800 -2.790980 8.736790
3.604820 -2.053740 8.641040
3.097370 -1.689910 8.928280
2.503750 -1.881400 9.148490
2.111190 -2.178210 8.870830
1.833530 -2.092040 8.487850
1.125010 -1.680340 8.334650
0.330320 -1.498420 8.162310
-0.081380 -1.766510 8.037840
-0.062230 -2.015450 7.827200
-0.234580 -1.862250 7.501670
-0.761180 -1.153730 7.243150
-1.192030 -0.349470 6.649530
-1.622890 0.215430 5.950590
-2.111190 0.148410 5.950590
-2.436730 -0.033510 6.170800
-2.609070 0.129260 5.768670
-2.695240 0.368620 4.935690
-2.953750 0.646280 4.217590
-3.556950 1.182460 3.968660
-4.169720 1.833530 3.920780
-4.188870 1.871830 3.959080
-4.284620 2.120770 3.193120
-4.667600 2.599490 2.762260
-5.098450 3.346310 2.254810
-5.605900 4.083550 1.795230
-6.075060 4.562280 1.440970
-6.429320 4.725050 1.402670
-6.429320 4.523980 1.364370
-6.572940 4.045250 1.287780
-6.946340 3.710140 0.990970
-7.166560 3.700570 1.077140
-6.879320 3.623970 1.230330
-6.793150 3.949510 1.354800
-6.936770 4.926110 1.163310
-6.975070 5.519730 0.885650
-6.927190 5.491010 0.761180
-6.879320 5.385690 0.483520
-6.850600 5.117600 0.014360
-6.984640 4.820790 -0.081380
-7.089960 4.830370 -0.043090
-7.128260 4.954840 0.339900
-7.166560 5.232500 0.540960
-7.109110 5.395260 0.675010
-6.869750 5.452710 0.789900
-6.831450 5.433560 0.885650
-7.032510 5.376120 0.866500
-7.137830 5.213350 0.809050
-6.984640 5.012280 0.866500
-6.965490 4.887810 0.952670
-7.252730 5.050580 0.962240
-7.377200 5.222920 0.828200
-7.291030 5.127180 1.010120
-7.156980 5.088880 1.239910
-7.233580 5.251650 1.172880
-7.233580 5.203770 1.144160
-7.185710 5.002710 1.144160
-7.262300 4.935690 1.048410
-7.444220 5.012280 0.962240
-7.482520 5.079300 1.029270
-7.291030 5.108030 1.201610
-7.176130 5.280370 1.335650
-7.338900 5.404840 1.259050
-7.482520 5.376120 1.153730
-7.377200 5.309090 1.239910
-7.243150 5.328240 1.335650
-7.310180 5.404840 1.373950
-7.377200 5.414410 1.230330
-7.367620 5.423990 1.211180
-7.319750 5.395260 1.316500
-7.377200 5.347390 1.297350
-7.377200 5.366540 1.259050
-7.281450 5.376120 1.230330
-7.243150 5.366540 1.354800
-7.329330 5.366540 1.345230
-7.396350 5.356970 1.297350
