3.576100 -7.415500 -1.919700
3.231410 -8.487850 -1.565440
3.413330 -8.593170 -1.603740
3.442050 -7.616560 -1.220760
3.097370 -6.218680 -0.531390
2.388850 -4.926110 -0.071810
1.881400 -4.600580 1.029270
1.996300 -4.973980 1.651610
1.833530 -4.016530 1.546290
1.680340 -3.432480 1.594160
1.709060 -2.551620 2.676090
2.264380 -1.469690 5.414410
2.599490 0.205850 7.750610
2.130340 1.297350 8.813380
1.469690 2.379280 10.019780
0.914370 4.878240 12.662360
0.196280 6.745280 14.424080
-0.244150 6.218680 14.826210
-0.148410 4.945260 14.050670
-0.023940 3.863340 13.265550
-0.081380 2.781410 12.585760
0.000000 2.206940 12.241080
0.454790 0.914370 10.661270
0.742030 0.100530 9.071900
0.818620 -0.847350 7.511240
0.703730 -2.838860 6.304850
0.464370 -5.098450 4.591000
-0.225000 -6.486770 3.394180
-0.655860 -7.932520 2.867580
-0.990970 -9.579350 1.967570
-3.030350 -14.002790 -3.202690
-3.786740 -16.348560 -5.031430
-4.217590 -16.664520 -5.404840
-4.073980 -16.674100 -5.021860
-4.169720 -15.304930 -4.523980
-4.562280 -13.476190 -3.327160
-4.342060 -12.068730 -1.843100
-3.758010 -11.015530 -0.722880
-3.078220 -10.259140 0.473940
-2.589920 -9.253810 1.412250
-2.369700 -8.028270 1.996300
-2.072890 -7.214430 2.350550
-1.402670 -6.917620 2.953750
0.071810 -7.061240 4.926110
1.297350 -5.605900 7.702730
1.029270 -3.260140 9.339980
-0.004790 -1.986720 9.541050
-0.531390 -1.871830 9.196370
0.435640 -2.254810 10.048500
1.345230 -2.063320 11.781500
1.412250 -1.105860 13.782580
0.780330 0.742030 14.663440
0.004790 2.331410 14.893230
-0.311170 2.915450 14.730460
-0.320750 2.542050 14.471950
-0.349470 2.063320 14.299610
-0.445220 2.101620 14.108110
-0.473940 2.063320 13.552790
-0.234580 1.469690 12.691080
0.330320 0.349470 12.068730
0.665430 -0.368620 11.685750
0.722880 -0.885650 11.111280
0.780330 -1.067560 10.230420
0.627130 -1.259050 8.813380
0.416490 -2.302680 7.530390
0.483520 -4.533550 6.850600
0.636710 -7.137830 5.998460
0.043090 -7.836780 5.079300
-0.675010 -8.047420 4.246320
-0.646280 -8.602740 3.375030
-0.148410 -9.770840 1.766510
-0.617560 -11.312340 -0.445220
-1.613310 -12.844270 -1.555870
-2.647370 -12.355970 -2.254810
-3.221840 -11.503840 -2.273960
-3.413330 -11.484690 -1.402670
-2.972900 -11.053830 0.751600
-2.092040 -11.800650 2.685660
-3.442050 -12.509160 0.023940
-5.960160 -11.628300 -3.872910
-6.592080 -10.498510 -5.069730
-2.589920 -9.359130 -2.187790
1.670760 -8.813380 5.596330
-2.206940 -6.036760 8.928280
-6.027190 -3.470780 6.534640
-5.759100 -5.251650 5.232500
-3.844190 -5.529310 5.941020
-3.346310 -4.141000 7.855930
-3.604820 -3.078220 10.431480
-4.361210 -2.542050 9.914460
-4.696320 -3.212260 8.200610
-4.648450 -3.758010 7.453800
-4.303770 -3.700570 8.152740
-4.026100 -4.054830 8.095290
-3.978230 -4.945260 7.042090
-4.073980 -5.328240 5.988890
-4.169720 -4.945260 5.768670
-3.949510 -5.356970 6.142080
-3.662270 -5.615480 6.065480
-3.844190 -5.797400 5.653780
-3.872910 -6.094210 5.443140
-3.911210 -5.921870 5.242070
