12.030440 -9.253810 3.566520
10.709150 -8.143160 3.394180
9.876160 -8.650620 3.595250
9.541050 -9.789990 3.537800
9.004870 -10.374040 1.373950
7.367620 -11.207020 -1.517570
7.415500 -11.187870 -0.253730
8.889980 -9.407000 1.680340
8.334650 -6.802730 1.613310
6.582510 -5.117600 1.134590
5.864420 -4.993130 1.689910
7.070810 -5.759100 3.317590
7.865500 -5.280370 5.376120
7.482520 -3.240990 6.706980
5.988890 0.244150 7.099540
4.284620 2.159060 7.855930
3.987800 1.469690 9.541050
4.811220 0.675010 10.929360
4.964410 1.134590 10.919790
4.629300 1.182460 10.067650
4.600580 0.272870 9.407000
5.127180 -0.234580 8.784660
5.328240 -1.048410 7.616560
5.462290 -2.905880 5.797400
5.481440 -4.820790 4.131420
5.491010 -6.601660 2.982480
5.500590 -7.875080 1.651610
5.222920 -8.688910 0.607980
4.332490 -9.426150 -0.071810
3.193120 -10.268720 -1.057990
1.948420 -11.360220 -3.173970
0.454790 -13.390020 -5.634630
-1.125010 -15.371960 -7.482520
-1.718630 -16.271970 -7.865500
-1.335650 -15.659190 -7.224010
-1.048410 -14.481520 -6.391020
-0.837770 -13.964500 -5.356970
-0.473940 -13.466620 -4.322910
-0.071810 -12.528310 -3.662270
0.205850 -11.235750 -2.656940
0.962240 -10.527230 -1.192030
2.072890 -10.153820 0.416490
3.145240 -9.799560 1.613310
3.978230 -9.512330 2.340980
4.638870 -9.129340 3.308010
5.759100 -7.501670 6.668680
6.678260 -4.514410 11.446390
5.261220 -2.283530 12.920870
3.298440 -1.594160 13.399600
3.480350 -0.081380 15.956000
4.648450 1.507990 18.282620
4.389940 2.072890 19.000710
3.355880 2.570770 18.732630
2.972900 2.044170 17.727300
3.183540 1.096290 16.233670
3.336730 0.426070 14.883650
3.643120 -0.416490 13.868750
3.930360 -1.412250 12.815550
4.141000 -2.513320 11.685750
4.093120 -3.719720 9.751690
4.179300 -5.376120 8.564440
4.131420 -5.969740 7.951670
3.863340 -6.582510 7.501670
3.949510 -8.143160 6.343150
3.690990 -9.014450 4.322910
2.972900 -9.809140 3.288860
3.451630 -11.475110 3.135670
4.543130 -12.796400 2.494170
4.409090 -13.236830 -0.062230
2.819710 -13.744280 -3.279290
1.345230 -15.218760 -5.213350
0.789900 -15.774090 -5.385690
0.464370 -14.615570 -5.385690
0.100530 -13.131510 -5.309090
-0.540960 -11.455960 -4.993130
-0.885650 -10.067650 -4.045250
-0.540960 -8.765510 -2.551620
0.071810 -7.472940 -0.799480
0.588840 -6.075060 1.488840
0.560110 -4.916540 3.719720
-0.167550 -3.758010 4.619720
-0.722880 -2.676090 5.433560
-0.818620 -1.670760 7.061240
-0.732450 -2.226090 8.296360
-0.330320 -3.796310 8.487850
-0.167550 -4.150570 8.143160
0.330320 -4.772920 8.066570
0.904800 -5.088880 8.009120
1.192030 -5.653780 7.549540
1.689910 -7.252730 7.271880
2.685660 -9.091040 7.731460
3.796310 -10.172970 7.894220
4.064400 -10.297440 6.477190
4.275040 -10.881490 6.027190
3.729290 -11.120850 7.042090
3.805890 -10.220840 7.817630
4.255890 -10.421910 7.683580
3.987800 -10.766590 6.285700
3.087800 -10.326160 5.232500
2.656940 -9.502750 4.993130
2.293110 -8.746360 5.644200
2.676090 -8.765510 6.189950
