6.975070 -9.809140 0.904800
6.410170 -8.104870 1.201610
6.142080 -6.687830 1.479270
6.017610 -5.682500 1.843100
5.653780 -4.725050 2.398430
5.184620 -3.767590 2.666510
5.021860 -2.886730 3.652690
5.242070 -2.819710 4.782490
5.309090 -2.896300 5.548460
5.519730 -1.776080 6.505910
5.519730 -0.359050 8.334650
4.906960 0.627130 10.460210
3.882480 1.728210 11.436810
2.944180 2.226090 11.408090
2.599490 1.766510 11.446390
2.551620 0.866500 11.101700
2.465450 -0.713300 10.718720
2.273960 -2.360130 10.326160
2.025020 -2.934600 9.445300
1.756930 -3.451630 8.305930
1.804800 -5.041010 7.329330
2.264380 -7.405920 6.955920
2.513320 -8.736790 6.256970
1.890980 -9.148490 5.222920
1.364370 -9.694240 4.160150
1.287780 -10.479360 3.240990
0.981390 -11.092130 2.139910
0.397340 -11.685750 0.464370
-0.655860 -12.518740 -0.837770
-1.929270 -12.384690 -1.929270
-2.810130 -12.059160 -2.771840
-3.126090 -12.576190 -3.116520
-3.068650 -12.729380 -3.279290
-3.068650 -12.442140 -2.972900
-2.905880 -11.733620 -2.092040
-2.580340 -10.364460 -1.364370
-2.235660 -9.608070 -0.761180
-1.996300 -9.541050 -0.138830
-1.565440 -9.081470 0.665430
-1.057990 -8.784660 1.613310
-0.684580 -8.554870 2.235660
-0.292020 -8.545290 2.790980
0.225000 -8.277210 3.260140
0.837770 -7.568690 4.073980
1.440970 -6.391020 5.988890
1.948420 -4.983560 8.602740
1.632460 -3.777160 10.220840
1.086710 -3.959080 11.082550
1.383520 -3.997380 12.633630
1.632460 -2.628220 14.404930
1.460120 -2.072890 15.180470
1.297350 -2.350550 15.506000
1.536720 -2.465450 15.333660
1.622890 -2.130340 15.046420
1.498420 -1.785660 14.730460
1.575020 -1.565440 14.203860
1.603740 -1.661190 13.284700
1.479270 -2.025020 12.049580
1.536720 -2.503750 10.967660
1.804800 -3.451630 9.943180
1.900550 -4.447380 8.957000
1.958000 -5.232500 7.913370
2.005870 -6.084630 6.850600
1.871830 -7.453800 5.644200
1.651610 -9.138920 4.514410
1.249480 -10.038930 3.719720
0.876070 -10.000630 3.164390
0.483520 -10.259140 2.293110
-0.081380 -10.737870 0.933520
-0.809050 -11.053830 0.000000
-1.469690 -11.551710 -0.981390
-2.149490 -11.858090 -1.785660
-2.771840 -11.455960 -2.092040
-3.126090 -11.101700 -2.178210
-3.183540 -10.986810 -1.871830
-3.212260 -11.331490 -1.144160
-2.953750 -12.298520 0.263300
-2.877160 -12.087880 1.000540
-3.920780 -9.943180 -0.531390
-5.222920 -6.314420 -4.591000
-2.972900 -6.285700 -4.370790
1.239910 -10.938940 2.120770
-0.550540 -9.378280 5.519730
-3.260140 -5.452710 4.476110
-1.996300 -6.400590 5.433560
-1.144160 -6.649530 6.017610
-1.038840 -5.500590 6.812300
-1.125010 -5.854840 8.669760
-1.450550 -4.418660 9.378280
-1.632460 -3.413330 9.837860
-1.335650 -4.303770 10.354890
-1.125010 -5.720800 10.259140
-1.373950 -7.224010 9.014450
-1.699480 -7.338900 8.430400
-1.881400 -5.912290 9.148490
-1.871830 -5.404840 9.148490
-1.804800 -6.352720 7.865500
-1.823950 -7.549540 6.429320
-1.977150 -7.712310 5.567610
-2.130340 -6.946340 5.558030
-2.206940 -6.639960 5.653780
-2.063320 -7.042090 5.328240
