-1.057990 -6.984640 5.318670
-1.086710 -7.070810 5.251650
-1.029270 -7.472940 5.318670
-1.038840 -7.482520 5.146330
-1.393100 -7.252730 4.638870
-0.943090 -7.674010 5.242070
-0.540960 -7.338900 5.730370
-0.588840 -7.003790 5.979310
-0.933520 -7.003790 5.605900
-1.211180 -6.984640 4.811220
-1.412250 -6.687830 4.026100
-0.981390 -7.003790 4.562280
-0.531390 -8.258060 5.873990
-0.464370 -7.492090 5.960160
-0.866500 -6.094210 5.864420
-0.914370 -4.983560 7.319750
-0.560110 -3.154820 10.125100
-0.426070 -1.689910 13.064490
-0.205850 -1.699480 14.251730
0.090960 -1.421820 14.692160
0.416490 -0.435640 15.927280
1.450550 -0.225000 16.358140
2.360130 -2.063320 14.663440
2.561200 -3.805890 11.590010
2.446300 -5.280370 8.650620
2.666510 -7.109110 6.180380
3.087800 -9.330410 3.872910
2.877160 -10.010200 2.149490
2.455870 -9.818710 1.057990
2.063320 -9.588920 0.157980
0.933520 -10.747440 -2.408000
-0.904800 -13.227250 -5.806970
-2.676090 -14.376200 -7.645290
-3.413330 -14.290030 -7.846350
-2.685660 -13.543220 -6.879320
-1.335650 -12.499590 -5.155900
-0.713300 -12.193200 -4.246320
-0.789900 -12.202780 -3.470780
-0.502660 -10.900640 -1.651610
-0.119680 -9.234660 -0.473940
0.426070 -8.478270 0.655860
0.971820 -8.344230 1.938850
1.488840 -8.708060 2.532470
2.819710 -8.334650 4.361210
4.638870 -6.620810 10.115520
4.705900 -4.294190 15.573020
2.609070 -2.168640 17.133680
0.866500 0.627130 18.004960
0.598410 3.355880 19.508170
1.335650 3.681420 19.441140
1.718630 2.944180 18.158150
1.479270 1.900550 16.626230
1.689910 0.914370 14.797480
2.005870 -0.493090 12.624060
2.187790 -1.421820 10.479360
2.264380 -2.273960 8.507000
2.695240 -4.188870 7.827200
3.365460 -7.338900 7.022940
3.279290 -9.770840 5.079300
2.111190 -9.857010 3.738870
1.230330 -9.866590 2.972900
1.096290 -10.680420 2.120770
0.837770 -12.154900 0.780330
0.234580 -13.725130 -1.699480
-0.607980 -15.362380 -4.418660
-0.904800 -15.927280 -5.692080
-1.086710 -15.735790 -5.998460
-1.172880 -15.132590 -6.132510
-1.517570 -14.069820 -5.663350
-1.440970 -12.700650 -4.208020
-1.527140 -13.524070 -3.413330
-2.187790 -12.825120 -4.437810
-2.695240 -10.038930 -5.242070
-1.728210 -7.750610 -2.819710
0.952670 -7.606990 2.005870
3.738870 -8.813380 6.716550
2.934600 -7.875080 7.932520
0.521810 -4.801640 8.765510
-0.071810 -3.662270 10.374040
0.617560 -2.925030 11.982560
0.742030 -2.206940 13.313430
0.426070 -2.149490 13.303850
-0.062230 -2.953750 12.317670
-0.435640 -5.146330 10.651700
-0.569690 -6.639960 8.899550
-0.493090 -6.228250 8.554870
-0.387770 -4.696320 8.899550
-0.866500 -4.447380 8.564440
-1.153730 -5.979310 7.358050
-1.010120 -7.003790 6.266550
-1.067560 -6.630380 6.247400
-1.479270 -6.142080 6.582510
-1.613310 -6.285700 6.505910
-1.373950 -6.898470 6.142080
-1.230330 -7.425070 5.883570
-1.326080 -7.520820 5.711230
-1.354800 -7.310180 5.778250
-1.383520 -7.022940 5.921870
-1.278200 -7.118690 5.883570
-1.172880 -7.434650 5.720800
-1.249480 -7.415500 5.481440
-1.144160 -7.597410 5.510160
