3.173970 -12.729380 -4.648450
4.571850 -12.719800 -2.446300
5.558030 -11.321920 -1.192030
5.088880 -9.694240 -0.904800
3.844190 -9.512330 -1.460120
3.298440 -8.708060 -1.469690
3.671840 -7.712310 0.023940
4.026100 -6.745280 1.718630
4.112270 -6.027190 2.915450
3.777160 -5.146330 3.547370
3.681420 -3.968660 5.002710
3.442050 -2.264380 7.472940
2.666510 -0.904800 9.608070
1.642040 -0.292020 11.149580
1.038840 0.665430 12.288950
1.192030 1.814380 13.476190
1.977150 2.283530 14.759190
2.656940 2.130340 15.429400
2.666510 1.402670 14.452800
2.494170 0.292020 12.566610
2.494170 -0.655860 11.063400
3.020770 -2.542050 9.445300
3.030350 -3.537800 8.372950
2.771840 -4.160150 7.176130
2.235660 -4.370790 6.113360
1.977150 -5.730370 5.155900
2.187790 -8.334650 4.476110
2.206940 -10.431480 3.164390
1.450550 -11.369790 1.795230
0.636710 -12.652780 0.282450
-0.033510 -13.696410 -1.211180
-0.397340 -15.419830 -3.068650
-0.617560 -16.654950 -4.188870
-0.895220 -16.415590 -4.571850
-1.297350 -15.659190 -4.820790
-1.776080 -14.309180 -4.983560
-1.814380 -12.585760 -4.054830
-1.306930 -11.503840 -2.723960
-0.789900 -10.996380 -1.632460
-0.359050 -10.632550 -0.579260
-0.282450 -9.426150 0.483520
-0.330320 -8.305930 1.239910
-0.100530 -8.650620 1.833530
0.464370 -9.339980 2.714390
0.809050 -9.024020 3.518650
1.172880 -8.880400 4.236740
1.594160 -8.171890 5.328240
1.910120 -7.032510 6.908050
1.919700 -6.017610 8.076140
1.469690 -5.165480 8.430400
1.297350 -4.820790 8.803810
1.900550 -4.763340 10.268720
2.216510 -3.643120 11.953840
1.709060 -2.666510 12.997470
1.201610 -2.465450 13.581510
1.326080 -2.455870 13.983640
1.709060 -1.718630 14.395350
1.814380 -1.239910 14.538970
1.852680 -1.153730 14.510250
1.986720 -1.249480 14.261310
2.120770 -1.220760 13.705980
2.331410 -1.153730 12.949590
2.676090 -1.766510 12.097460
3.087800 -2.800560 11.053830
3.451630 -3.844190 9.675090
3.920780 -4.705900 8.669760
4.303770 -5.318670 7.549540
4.169720 -5.950590 5.988890
4.035680 -7.022940 4.428230
4.160150 -8.296360 2.963330
3.997380 -9.349560 1.785660
3.518650 -10.460210 0.521810
2.781410 -11.848520 -0.943090
1.919700 -12.786830 -2.436730
1.144160 -12.691080 -2.972900
0.751600 -12.403840 -2.992050
0.828200 -12.805980 -3.451630
0.560110 -12.748530 -3.911210
0.282450 -12.528310 -3.844190
0.483520 -12.001710 -3.126090
0.751600 -10.594250 -2.197360
0.904800 -9.330410 -1.373950
1.134590 -8.353800 -0.799480
1.421820 -7.635710 -0.359050
1.737780 -6.927190 -0.071810
2.034590 -6.132510 0.253730
2.436730 -5.069730 1.326080
2.570770 -3.853760 2.666510
2.570770 -3.489930 3.576100
2.915450 -4.294190 3.911210
3.595250 -4.993130 3.480350
4.629300 -5.117600 3.690990
5.021860 -4.418660 5.117600
5.414410 -3.930360 6.630380
6.094210 -4.035680 6.994220
6.295270 -4.389940 5.423990
6.869750 -4.054830 3.442050
8.143160 -3.786740 3.442050
9.933610 -3.116520 3.949510
11.819790 -3.518650 4.112270
13.447470 -4.543130 3.815460
14.845360 -5.050580 3.700570
