a;2000561489921;1.4644318;-2.476944;9.371231
a;2000581631522;1.3933868;-2.426239;9.383835
a;2000601773124;1.3800201;-2.410431;9.394562
a;2000621914725;1.470459;-2.384369;9.260468
a;2000642056327;1.3492432;-2.3848267;9.3396
a;2000662197928;1.1157227;-2.4268951;9.478531
a;2000682339530;1.720993;-2.476883;9.548492
a;2000702481132;1.4508514;-2.2775574;9.532852
a;2000722622733;1.2250977;-2.3750458;9.518921
a;2000742764335;1.3395691;-2.5820618;9.397781
a;2000762905936;1.3789978;-2.45784;9.386978
a;2000783047538;1.3723755;-2.6280975;9.377838
a;2000803189139;1.3590393;-2.407013;9.457962
a;2000823330741;1.3128204;-2.5654755;9.406006
a;2000843472343;1.45755;-2.557373;9.399261
a;2000863613944;1.5089874;-2.4113007;9.318939
a;2000883755546;1.3966522;-2.242691;9.323654
a;2000903897147;1.4397278;-2.3529358;9.332092
a;2000924038749;1.4608002;-2.3996277;9.35347
a;2000944180350;1.5020142;-2.4466095;9.247696
a;2000964321952;1.5035858;-2.4006042;9.153336
a;2000984463553;1.3315887;-2.2647247;9.137985
a;2001004605155;1.2734528;-2.3173218;9.303604
a;2001024746757;1.331253;-2.3192139;9.427994
a;2001044888358;1.2895203;-2.326477;9.476028
a;2001065029960;1.2679138;-2.5372314;9.523743
a;2001085171561;1.39151;-2.823578;9.603134
a;2001105313163;1.5083923;-2.7752533;9.605591
a;2001125454764;1.5302277;-2.651596;9.470367
a;2001145596366;1.4900665;-2.6489105;9.426758
a;2001165737968;1.437439;-2.5182343;9.35257
a;2001185879569;1.3754578;-2.4931335;9.436188
a;2001206021171;1.4124298;-2.3944244;9.442764
a;2001226162772;1.4278412;-2.423355;9.398163
a;2001246304374;1.4028931;-2.424347;9.328796
a;2001266445975;1.2687836;-2.3300934;9.31633
a;2001286587577;1.1797028;-1.956665;9.440109
a;2001306729178;1.1448822;-1.2581482;9.339401
a;2001326870780;1.06781;-0.56591797;9.06459
a;2001347012382;1.4187317;-0.66586304;8.305466
a;2001367153983;1.0366516;-0.76960754;8.026077
a;2001387295585;-0.012298584;0.23059082;8.734238
a;2001407437186;0.23921204;1.1972504;8.945328
a;2001427578788;0.6327362;0.3191681;9.0273285
a;2001447720389;1.6769409;-0.4905548;8.754059
a;2001467861991;2.1836395;-0.43756104;9.027771
a;2001488003593;2.0993652;-0.4591217;8.668686
a;2001508145194;2.4677734;-0.82907104;8.564209
a;2001528286796;3.235672;-1.3372345;8.341705
a;2001548428397;4.0797424;-1.8766022;7.8919983
a;2001568569999;5.0287476;-2.8636475;7.068405
a;2001588711600;6.0264435;-3.073761;6.944641
a;2001608853202;6.7970276;-1.9112854;7.340683
a;2001628994803;7.433182;-1.6086731;6.751465
a;2001649136405;8.671295;-2.3078613;5.924698
a;2001669278007;10.314285;-3.7038116;5.5430603
a;2001689419608;11.594452;-4.696045;5.350067
a;2001709561210;12.102463;-4.636444;5.119644
a;2001729702811;11.677673;-4.473892;5.7108307
a;2001749844413;11.250229;-4.420166;6.563965
a;2001769986014;10.520111;-4.942276;6.888077
a;2001790127616;9.282486;-5.064453;6.79541
a;2001810269218;8.47171;-3.8036652;7.015747
a;2001830410819;8.023132;-1.9828491;6.944168
a;2001850552421;8.182571;-0.8241272;6.676361
a;2001870694022;7.8930206;-0.40122986;6.617325
a;2001890835624;7.091446;-0.34632874;6.8400116
a;2001910977225;6.7937775;-0.17106628;7.0846863
a;2001931118827;6.9118347;-0.30078125;6.620056
a;2001951260428;7.117935;-0.8820038;6.4323425
a;2001971402030;7.253937;-0.9725342;6.5936127
a;2001991543632;7.131241;-0.59375;6.539459
a;2002011685233;7.209137;-0.5549164;6.690216
a;2002031826835;7.4291534;-0.6667023;6.609375
a;2002051968436;7.2588654;-0.8127899;6.4725037
a;2002072110038;7.1084747;-0.821228;6.4495697
a;2002092251639;7.2223053;-0.6663971;6.5564575
a;2002112393241;7.1881256;-0.73373413;6.5220337
a;2002132534843;7.0785675;-0.58280945;6.5127106
a;2002152676444;6.9581757;-0.59399414;6.440323
a;2002172818046;7.2668915;-0.9061432;6.259369
a;2002192959647;7.415085;-0.8960724;6.4212494
a;2002213101249;7.0658875;-0.8474426;6.6651306
a;2002233242850;7.0683746;-0.68395996;6.7278748
a;2002253384452;7.3848877;-0.5169525;6.649597
a;2002273526053;7.435852;-0.40344238;6.6922455
a;2002293667655;7.282715;-0.21469116;6.7374115
a;2002313809257;7.1451874;-0.3455963;6.694565
a;2002333950858;7.1657715;-0.47406006;6.6341705
a;2002354092460;7.0803375;-0.31819153;6.6443024
a;2002374234061;6.645645;-0.26176453;6.5934296
a;2002394375663;6.598709;-0.2735138;6.524353
a;2002414517264;6.9148254;-0.114868164;6.5654755
a;2002434658866;6.8577576;-0.12774658;6.6789093
a;2002454800468;6.8099823;-0.30332947;6.57193
a;2002474942069;6.919632;-0.5254822;6.458908
a;2002495083671;6.99057;-0.5971985;6.4350586
a;2002515225272;6.9746094;-0.51301575;6.554413
a;2002535366874;6.8395386;-0.44638062;6.643173
a;2002555508475;6.7635193;-0.50401306;6.692871
a;2002575650077;6.706253;-0.6374359;6.6788635
a;2002595791678;6.787094;-0.55581665;6.776291
a;2002615933280;6.9740753;-0.4555359;6.8505707
a;2002636074882;7.0946198;-0.5031433;6.851593
a;2002656216483;7.1089783;-0.70506287;6.8316345
a;2002676358085;7.132202;-0.7193451;6.7729034
a;2002696499686;7.187088;-0.69692993;6.637848
a;2002716641288;7.134079;-0.6880951;6.660248
a;2002736782889;7.111679;-0.49919128;6.860489
a;2002756924491;7.1019135;-0.4831848;6.8295746
a;2002777066093;7.089157;-0.67134094;6.7887726
a;2002797207694;7.03154;-0.6841583;6.909027
a;2002817349296;6.938446;-0.44018555;6.977066
a;2002837490897;6.9519653;-0.26330566;7.006363
a;2002857632499;7.0630493;-0.39926147;6.8740997
a;2002877774100;7.07106;-0.6320801;6.697525
a;2002897915702;7.0930786;-0.611969;6.8199005
a;2002918057303;7.100418;-0.5250397;6.80217
a;2002938198905;7.015976;-0.62927246;6.651932
a;2002958340507;6.8846283;-0.77505493;6.616272
a;2002978482108;6.962021;-0.65948486;6.5937347
a;2002998623710;7.0906067;-0.56640625;6.618698
a;2003018765311;7.076416;-0.5381775;6.7175903
a;2003038906913;7.0643616;-0.6917572;6.784073
a;2003059048514;7.021347;-0.70980835;6.7813873
a;2003079190116;7.094757;-0.5074005;6.648529
a;2003099331718;7.0811462;-0.3407135;6.6726227
a;2003119473319;6.9673615;-0.40040588;6.7086945
a;2003139614921;6.662918;-0.9438782;6.452835
a;2003159756522;7.2979736;-0.9835205;6.2547913
