-0.017040178457 0.002678247150 -0.000428705555
-0.013285182480 0.002083453178 -0.000342017330
-0.009530186503 0.001488659206 -0.000255329105
-0.005775190530 0.000893865235 -0.000168640880
-0.002020194585 0.000299071267 -0.000081952657
0.001734801207 -0.000295722684 0.000004735555
0.005489796179 -0.000890516541 0.000091423709
0.009244787072 -0.001485309930 0.000178111574
0.012999758978 -0.002080101154 0.000264798088
0.016754648476 -0.002674883014 0.000351478705
0.020509204775 -0.003269627187 0.000438135322
0.024262508226 -0.003864230447 0.000524701000
0.028011440576 -0.004458345475 0.000610946394
0.031746264515 -0.005050898463 0.000696145842
0.035439142370 -0.005638860474 0.000778188664
0.039017906650 -0.006214527930 0.000851471848
0.042315838629 -0.006760623869 0.000902593275
0.045002327552 -0.007244653669 0.000903418075
0.046568609901 -0.007622616954 0.000805355125
0.046636209624 -0.007883862572 0.000552782147
0.046094951803 -0.008188715235 0.000157158009
0.048906623075 -0.009052976520 -0.000155858415
0.061538202211 -0.011211050419 0.000076946989
0.087487177702 -0.014953497852 0.001200127144
0.123940384007 -0.019837461737 0.003121008990
0.165671560913 -0.025220404149 0.005508513714
0.209052669596 -0.030701768023 0.008092780046
0.252471258987 -0.036126695781 0.010733901932
0.295404048075 -0.041461748538 0.013373762104
0.337673643258 -0.046713145894 0.015985736133
0.378986084667 -0.051893420323 0.018542849977
0.418629929294 -0.057026477173 0.021014982892
0.456101971504 -0.062240499801 0.023503020345
0.495870582818 -0.068047899847 0.026788401473
0.554178402843 -0.075326318198 0.032657773552
0.641213342858 -0.083922867485 0.041456325735
0.742728750821 -0.092631646536 0.051125393525
0.845225944133 -0.100942830551 0.060412518061
0.945412114847 -0.108928079594 0.069230157252
1.043271496896 -0.116679699637 0.077703894070
1.138416271136 -0.124148291198 0.085917441466
1.230622213840 -0.131251416594 0.094525613729
1.329193281989 -0.138894654090 0.107068444843
1.457365054636 -0.149649666787 0.128082975395
1.609933388359 -0.163164151474 0.153031295928
1.764905542209 -0.176985117430 0.176873137761
1.915962822052 -0.190127249409 0.199550883854
2.062908979345 -0.201879307339 0.221796557979
2.206850483246 -0.210567370231 0.243665728251
2.355674219574 -0.213814469165 0.263995027024
2.528141777024 -0.213560350493 0.281193683742
2.728045622046 -0.217811453784 0.296870143106
2.937049437379 -0.228744738699 0.314027007992
3.145288738602 -0.243337367566 0.333429987321
3.352277143536 -0.259665889408 0.354930856176
3.559257073049 -0.277150567237 0.378519901032
3.767529288805 -0.295632393366 0.404401344848
3.978828116034 -0.314909901256 0.432901934832
4.195748565599 -0.334524670988 0.464336935160
4.421496371006 -0.353762098719 0.498778145964
4.658327930948 -0.372050763708 0.535786453634
4.905415342970 -0.389589804333 0.574392577961
5.158824419127 -0.407362969227 0.613466601364
5.414172365468 -0.426284232731 0.652075125314
5.668785885448 -0.446495044270 0.689501678480
5.921734943737 -0.467422171996 0.725149750899
6.172993883447 -0.488190608181 0.758537258797
6.422831943029 -0.507950023603 0.789333309630
6.671553397051 -0.526020561729 0.817360428055
6.919412600644 -0.541922056596 0.842563257956
7.166593000629 -0.555357612012 0.864976545691
7.413212160763 -0.566191325629 0.884711789660
7.659340893676 -0.574434037740 0.901962034939
7.905029626249 -0.580238295419 0.917015701512
8.150336165904 -0.583901545738 0.930272484856
8.395349529877 -0.585880087819 0.942261446640
8.640203304485 -0.586821109502 0.953668474112
8.885067882400 -0.587622013448 0.965383533393
9.130104032358 -0.589519845513 0.978573224925
9.375353845572 -0.594191141081 0.994764617219
9.620549198318 -0.603795333979 1.015884928340
9.864852742353 -0.620826492713 1.044141186122
10.106633483631 -0.647596721559 1.081585821096
10.343495413803 -0.685281710477 1.129303734149
10.572788977482 -0.732823187182 1.186470297940
10.792557136524 -0.786411591619 1.249905740490
11.002397802883 -0.840169003147 1.314673209792
11.203596944255 -0.887769357121 1.375509711595
11.398397547655 -0.923940410453 1.428183320706
11.588869194514 -0.945050321926 1.470073831212
11.775906728075 -0.948894830270 1.500045240680
11.958585934455 -0.934353044017 1.518135498735
12.133953954666 -0.901486391757 1.525486170553
12.297457107128 -0.852192950324 1.524549954389
12.444264699155 -0.790919914009 1.519209747265
12.571277978230 -0.724499040260 1.514282945275
12.678754484541 -0.660544743980 1.514285200942
12.770321230113 -0.605126184119 1.522102818777
12.851351116816 -0.561252330984 1.538463000212
12.926970449415 -0.528961485690 1.562400884834
13.000879043410 -0.506467188240 1.592168322834
13.075177789254 -0.491381905336 1.625981095853
13.150756042755 -0.481490772379 1.662391446725
13.227784418546 -0.475058652779 1.700368752247
13.306094869540 -0.470853628953 1.739238462315
13.385410329352 -0.468053861425 1.778583474606
13.465459064947 -0.466132524701 1.818155639234
13.546019001939 -0.464759567846 1.857810725368
13.626925999858 -0.463729536973 1.897465419313
13.708066716609 -0.462912812023 1.937070746802
13.789366944189 -0.462224435187 1.976596435142
13.870780373852 -0.461604989599 2.016022072259
13.952279561462 -0.461009261317 2.055332282113
