10.661346787446 -1.849571705041 0.115205734578
10.677575820030 -1.812198711801 0.129798491174
10.694316933446 -1.775877824088 0.144862533280
10.712016193558 -1.741046350749 0.161014934050
10.731504738540 -1.708199257885 0.179543334382
10.754317727341 -1.677703838182 0.203061831813
10.783239357269 -1.649282370429 0.236718246280
10.823140509968 -1.620804537332 0.290227372199
10.881971480850 -1.585894650840 0.380695139119
10.971070690894 -1.530252015109 0.534762044077
11.102600318918 -1.428747446109 0.785222968170
11.281644158092 -1.249683488270 1.154918051470
11.496169327338 -0.972165041618 1.631111162039
11.717566567175 -0.605660748364 2.158020730663
11.917257534287 -0.186740144263 2.668188937284
12.082190940848 0.245868308738 3.121154289667
12.214775478771 0.669232612357 3.510932806043
12.324438822960 1.076137896181 3.850455813113
12.421461676315 1.467305515674 4.156525251688
12.515228297675 1.844308251710 4.442595844753
12.614727664806 2.203493215793 4.715473850894
12.728675481849 2.527245177905 4.969982386744
12.861783763604 2.768631229530 5.175968301986
13.002189256418 2.833298629203 5.257173294085
13.101238736549 2.590802705104 5.086355588497
13.074647985357 1.969321438320 4.555369052078
12.861999138113 1.075275924675 3.702013040184
12.485422812100 0.135041393645 2.706361411034
12.017394153923 -0.691271182493 1.733451564801
11.517319102296 -1.368946639758 0.848161013297
11.012768549241 -1.928650409792 0.046759903555
10.509467283698 -2.411916250170 -0.696328227511
10.001496645757 -2.852078521803 -1.407090320856
9.474964938945 -3.272934529736 -2.106850294406
8.908434914954 -3.690275053280 -2.809758940119
8.279081709887 -4.107028349456 -3.510144487548
7.594688315730 -4.493211272851 -4.146123617660
6.963471456008 -4.760025748432 -4.559522057603
6.600966216873 -4.800032213963 -4.575617783341
6.628961775110 -4.614777353780 -4.218716176758
6.944124107286 -4.318646648820 -3.696136180646
7.382560802934 -4.006675736799 -3.166782403480
7.852284356205 -3.709537781504 -2.676294238810
8.323872579755 -3.423619809665 -2.215510039287
8.794344429665 -3.134381230030 -1.761783022919
9.268541849903 -2.821160307871 -1.288614312467
9.752433168760 -2.451788201204 -0.760726138804
10.248699863892 -1.971582809212 -0.123715271649
10.746869467874 -1.293266526402 0.702926292537
11.202413194249 -0.314705286609 1.802025386021
11.519567895703 0.981147956364 3.157290180037
11.597042008357 2.381714654274 4.530521707323
11.437205402901 3.532658619103 5.583081419301
11.149196611729 4.261753194659 6.187233770952
10.833406098572 4.645380368874 6.450461634063
10.530341292918 4.826402176379 6.523556061506
10.244136317616 4.904680521741 6.503758461877
9.968651861532 4.930615484993 6.437476472440
9.697884689326 4.924992417580 6.342859209921
9.427942174777 4.893789332302 6.224682513886
9.156546116399 4.835479490150 6.081223720177
8.882264980793 4.743878608264 5.906804820093
8.603980685491 4.608890579674 5.692440237535
8.320593561877 4.416525193907 5.425913346025
8.030865461386 4.149229472135 5.092241688876
7.733257026844 3.787778438118 4.675639686688
7.425496732715 3.316265028372 4.164262826874
7.103440840978 2.731008295225 3.558170450574
6.758894354983 2.050817906815 2.877677554304
6.377231149596 1.320573910940 2.164503390350
5.937929319893 0.599651220303 1.468803944710
5.421681088090 -0.060915342558 0.827666955356
4.822764391977 -0.634443073997 0.253055766787
4.158029201858 -1.116091085915 -0.261185241487
3.463947348578 -1.510335501836 -0.724023574439
2.782976111780 -1.822631000271 -1.138830408155
2.149203594200 -2.058526901235 -1.504623431211
1.581594999637 -2.225261581671 -1.820469266729
1.085342781253 -2.332031186812 -2.087857458775
0.657018029344 -2.388820114245 -2.310462681502
0.289640437633 -2.405002854769 -2.492776173341
-0.023887902745 -2.388438649328 -2.638786267530
-0.288928812228 -2.345114836890 -2.751083617721
-0.508259540681 -2.279107337736 -2.830301250322
-0.681711112867 -2.192590149533 -2.874660440600
-0.805986188922 -2.085629271408 -2.879377129786
-0.874559503961 -1.955415629821 -2.835656125364
-0.877783799664 -1.794380925153 -2.728927422515
-0.803658563770 -1.586412199354 -2.535997194532
-0.640344847299 -1.300799691286 -2.221513872268
-0.382462695211 -0.886635728793 -1.737198956217
-0.043241724741 -0.279007426301 -1.034215502106
0.330927366179 0.562847814093 -0.102872911080
0.661095408816 1.587550166775 0.972267766565
0.870101776055 2.625845442312 2.010787367740
0.927243922036 3.477297815387 2.831674424036
0.853630303505 4.028109908443 3.351831662005
0.691226467866 4.275951984265 3.589355904806
0.476388154405 4.279079545589 3.608273990427
0.232531657942 4.106184063471 3.474380066081
-0.027174599940 3.813858743428 3.238678431632
-0.295684438066 3.442602725712 2.936391580638
-0.569222045793 3.019641038751 2.590679344104
-0.845700136738 2.562818404068 2.216513951716
-1.123908088710 2.083779299743 1.823578080801
-1.403099009454 1.590203261071 1.418210209708
-1.682772238219 1.087292941007 1.004662953179
-1.962549902296 0.578758069446 0.585917233363
-2.242097263147 0.067490545807 0.164228203352
-2.521059936497 -0.443925172384 -0.258475046812
-2.799000627392 -0.952754415112 -0.680246055705
-3.075320509823 -1.455606041611 -1.098756253149
-3.349148886778 -1.947767070417 -1.510827084895
