0.028544555890 0.009953488582 0.002481575062
0.009953488582 0.149293640318 0.013324734322
0.002481575062 0.013324734322 0.038208554819
0.028495169298 0.009935898178 0.002478831542
0.009935898178 0.149036098793 0.013303980435
0.002478831542 0.013303980435 0.038151388698
0.028411279616 0.009905545539 0.002476156582
0.009905545539 0.148599603838 0.013271673112
0.002476156582 0.013271673112 0.038065735949
0.028270538129 0.009853156092 0.002477825665
0.009853156092 0.147870316571 0.013226607245
0.002477825665 0.013226607245 0.037957550658
0.028041243319 0.009763143169 0.002500105779
0.009763143169 0.146691760028 0.013182212293
0.002500105779 0.013182212293 0.037894127403
0.027691637424 0.009610563487 0.002598447971
0.009610563487 0.144926379988 0.013210043179
0.002598447971 0.013210043179 0.038168735902
0.027239745527 0.009359661709 0.002950871042
0.009359661709 0.142754976907 0.013580347374
0.002950871042 0.013580347374 0.039823315966
0.026932558165 0.008972511332 0.004099515000
0.008972511332 0.141724676872 0.015181029345
0.004099515000 0.015181029345 0.046191801996
0.027767620875 0.008451401242 0.007581456575
0.008451401242 0.147764041460 0.020629898619
0.007581456575 0.020629898619 0.066975420439
0.032677736264 0.007957751854 0.017266466098
0.007957751854 0.177984776669 0.036659934143
0.017266466098 0.036659934143 0.126950862230
0.048173541927 0.008012955312 0.041060847033
0.008012955312 0.270038217095 0.077202442299
0.041060847033 0.077202442299 0.277173381937
0.083859411243 0.009550016354 0.089940100057
0.009550016354 0.479129681862 0.161788117120
0.089940100057 0.161788117120 0.588991759965
0.145303646916 0.013320953343 0.169381471914
0.013320953343 0.836830957097 0.300425514148
0.169381471914 0.300425514148 1.098661105534
0.224224597557 0.018894487037 0.268354502774
0.018894487037 1.294771479799 0.473949203046
0.268354502774 0.473949203046 1.735622855171
0.301520457344 0.024729880737 0.363708779937
0.024729880737 1.742507213921 0.641554137103
0.363708779937 0.641554137103 2.350350494944
0.362229551072 0.029471461780 0.437936387533
0.029471461780 2.093838122785 0.772206594937
0.437936387533 0.772206594937 2.829330271783
0.402810067630 0.032697735611 0.487314980440
0.032697735611 2.328564842715 0.859186603751
0.487314980440 0.859186603751 3.148125738751
0.426918052871 0.034632641656 0.516574041269
0.034632641656 2.467968071695 0.910746956937
0.516574041269 0.910746956937 3.337075757774
0.439467218012 0.035647129846 0.531779782654
0.035647129846 2.540485403389 0.937547771011
0.531779782654 0.937547771011 3.435270965973
0.443619657270 0.035999269446 0.536777651239
0.035999269446 2.564249516843 0.946356079880
0.536777651239 0.946356079880 3.467460409669
0.439792444565 0.035782893088 0.531958964807
0.035782893088 2.540775980391 0.937854243355
0.531958964807 0.937854243355 3.435825125772
0.425440101662 0.035101897504 0.513623399547
0.035101897504 2.450906001671 0.905498382150
0.513623399547 0.905498382150 3.314794024593
0.396813412684 0.035007018383 0.474518932017
0.035007018383 2.253612972387 0.836419873314
0.474518932017 0.836419873314 3.050272337717
0.358526761700 0.040683839983 0.410585255195
0.040683839983 1.906855301638 0.723166300554
0.410585255195 0.723166300554 2.590301387870
0.345400949529 0.066925692234 0.339966487715
0.066925692234 1.440982955295 0.596995235175
0.339966487715 0.596995235175 1.988085750390
0.424144519401 0.134219316695 0.313165382270
0.134219316695 1.026309083940 0.546023806592
0.313165382270 0.546023806592 1.489249850018
0.618928204991 0.241729343484 0.365034641661
0.241729343484 0.842491244199 0.631869226555
0.365034641661 0.631869226555 1.333890813201
0.857979683571 0.355835242439 0.464447207249
0.355835242439 0.871655663189 0.801351460398
0.464447207249 0.801351460398 1.469587233171
1.056640262702 0.444983132775 0.558444837219
0.444983132775 0.976990733940 0.962611301720
0.558444837219 0.962611301720 1.686248828506
1.188016022765 0.502268259763 0.623951803624
0.502268259763 1.070487204503 1.075253891437
0.623951803624 1.075253891437 1.860066400303
1.264075739742 0.534976957753 0.662791668287
0.534976957753 1.131133847320 1.142107823256
0.662791668287 1.142107823256 1.969046247645
1.302886263722 0.551558675480 0.682826366430
0.551558675480 1.163616731934 1.176603567351
0.682826366430 1.176603567351 2.026622398361
1.315178365281 0.556804265359 0.689176969158
0.556804265359 1.173926258704 1.187508403398
0.689176969158 1.187508403398 2.044877347342
1.300891819461 0.550746907396 0.681663075384
0.550746907396 1.160887191470 1.174378486017
0.681663075384 1.174378486017 2.022248489689
1.246413693136 0.527561042247 0.653106247314
0.527561042247 1.111700621836 1.124180440600
0.653106247314 1.124180440600 1.936566606888
1.123506917705 0.474887333362 0.588688149252
0.474887333362 0.999413650154 1.008150059350
0.588688149252 1.008150059350 1.740843522964
0.911175508893 0.382217445518 0.477364378180
0.382217445518 0.798708915520 0.794526809965
0.477364378180 0.794526809965 1.390685610582
0.671910411277 0.271949451263 0.351778582629
0.271949451263 0.548940008423 0.507700962102
0.351778582629 0.507700962102 0.953901666991
0.571807512370 0.211027132383 0.298876508912
0.211027132383 0.384687252469 0.271013638850
0.298876508912 0.271013638850 0.664322842081
0.658678693490 0.225062088912 0.343839293443
0.225062088912 0.370318585341 0.170015304531
0.343839293443 0.170015304531 0.635083174472
0.797142436042 0.266048258507 0.415958848422
0.266048258507 0.422637366569 0.155913646434
0.415958848422 0.155913646434 0.722961895066
0.892941573598 0.296626967535 0.465911454711
0.296626967535 0.467817817505 0.163673291156
0.465911454711 0.163673291156 0.799798649343
0.940605555861 0.312200282018 0.490775237991
0.312200282018 0.491778190349 0.170346641940
0.490775237991 0.170346641940 0.840599594170
0.958069196592 0.317956610735 0.499883434891
0.317956610735 0.500901459780 0.173200667024
0.499883434891 0.173200667024 0.855923683205
0.957350662780 0.317701972223 0.499476335707
0.317701972223 0.501097814958 0.173195136751
0.499476335707 0.173195136751 0.855430887688
0.941650315968 0.312378594667 0.491113342898
0.312378594667 0.494977736527 0.170917963607
0.491113342898 0.170917963607 0.842131659617
0.906755556407 0.300202812343 0.472148587892
0.300202812343 0.484358620366 0.166492595636
0.472148587892 0.166492595636 0.813662191494
0.841694217480 0.275988317989 0.435086099764
0.275988317989 0.478819052951 0.161341708527
0.435086099764 0.161341708527 0.765684528759
0.732440714805 0.229356735350 0.366143281170
0.229356735350 0.525509321199 0.164824450528
0.366143281170 0.164824450528 0.705151810279
0.580512936506 0.143414131397 0.246653736357
0.143414131397 0.786455940805 0.211929609639
0.246653736357 0.211929609639 0.691127655144
0.438998569848 0.001346840668 0.066116281322
0.001346840668 1.601433321400 0.378623218369
0.066116281322 0.378623218369 0.882795759094
0.396850313493 -0.188656068398 -0.152246683399
-0.188656068398 3.199367159320 0.718513854913
-0.152246683399 0.718513854913 1.425088853906
0.463260246568 -0.377027165670 -0.351415192249
-0.377027165670 5.149462697047 1.138960384480
-0.351415192249 1.138960384480 2.170362713309
0.556716195863 -0.514679041217 -0.489483966648
-0.514679041217 6.719981739377 1.478741591433
-0.489483966648 1.478741591433 2.798960062571
0.622192742096 -0.594003500862 -0.566944689142
-0.594003500862 7.658748809341 1.681676930559
-0.566944689142 1.681676930559 3.181573407295
0.656143986916 -0.632438467432 -0.604041220506
-0.632438467432 8.119328675108 1.781126924209
-0.604041220506 1.781126924209 3.370606710579
0.670413866669 -0.647242840805 -0.618248726809
-0.647242840805 8.303271191335 1.821177919353
-0.618248726809 1.821177919353 3.446573903870
0.674157723167 -0.648390365292 -0.619297325257
-0.648390365292 8.334894145293 1.829099576408
-0.619297325257 1.829099576408 3.460448150034
0.672090970226 -0.640144176891 -0.611284057227
-0.640144176891 8.271565885598 1.817666857412
-0.611284057227 1.817666857412 3.436082053210
0.666341846163 -0.623377975194 -0.595022448854
-0.623377975194 8.132625273040 1.791597603398
-0.595022448854 1.791597603398 3.381858292280
0.658018330674 -0.596837498796 -0.569264065217
-0.596837498796 7.917776048654 1.751741341170
-0.569264065217 1.751741341170 3.298367334245
0.648279802669 -0.557480142882 -0.531011226694
-0.557480142882 7.616244200428 1.697369772000
-0.531011226694 1.697369772000 3.182416584280
0.639364281471 -0.500200116156 -0.475227179116
-0.500200116156 7.211863545282 1.627790995903
-0.475227179116 1.627790995903 3.029529941019
0.636030804043 -0.417138158837 -0.394131038596
-0.417138158837 6.688362923765 1.544327374189
-0.394131038596 1.544327374189 2.836782724999
0.647736357376 -0.296831953032 -0.276321395679
-0.296831953032 6.038504246943 1.453478925765
-0.276321395679 1.453478925765 2.607502155854
0.691267781392 -0.123940517909 -0.106450968937
-0.123940517909 5.279665937000 1.371447312293
-0.106450968937 1.371447312293 2.358601682426
0.791706159347 0.118542382042 0.132632332735
0.118542382042 4.473507376764 1.327943982326
0.132632332735 1.327943982326 2.128348216626
0.976202114650 0.441106013447 0.451765772786
0.441106013447 3.734442273455 1.362467389433
0.451765772786 1.362467389433 1.975510610526
1.253774069594 0.831040093973 0.838778147022
0.831040093973 3.197318873117 1.502967312807
0.838778147022 1.502967312807 1.954794361998
1.585719984166 1.234096001264 1.240071796916
1.234096001264 2.931917137201 1.728546440374
1.240071796916 1.728546440374 2.066845665160
1.876925088712 1.556950322923 1.563163079481
1.556950322923 2.865441094000 1.949831135405
1.563163079481 1.949831135405 2.224053342117
2.020507232176 1.708543210690 1.718464584640
1.708543210690 2.817662941895 2.049426591539
1.718464584640 2.049426591539 2.290818573721
1.971142607774 1.656323125159 1.675844591292
1.656323125159 2.641109989621 1.962517238538
1.675844591292 1.962517238538 2.180777456379
1.774059160927 1.444540820020 1.482098012581
1.444540820020 2.318796826654 1.717448112263
1.482098012581 1.717448112263 1.912252338930
1.523217147034 1.159064610135 1.223929292451
1.159064610135 1.933729713343 1.401016820592
1.223929292451 1.401016820592 1.573479002945
1.298833455541 0.877156775107 0.976609065721
0.877156775107 1.579460231854 1.096331691322
0.976609065721 1.096331691322 1.252092015598
1.137596390461 0.641714927763 0.778978896341
0.641714927763 1.306041245512 0.848782755689
0.778978896341 0.848782755689 0.995413755960
1.039840686316 0.464100063680 0.638092551425
0.464100063680 1.119254065755 0.668068734619
0.638092551425 0.668068734619 0.812029633204
0.989376516748 0.338368380139 0.544806074939
0.338368380139 1.002154300546 0.544834930334
0.544806074939 0.544834930334 0.690186313858
0.968084034509 0.253208314686 0.486056518236
0.253208314686 0.933221400713 0.464587656487
0.486056518236 0.464587656487 0.613133305684
0.961974531342 0.198065224929 0.450657085013
0.198065224929 0.894766892654 0.414543730515
0.450657085013 0.414543730515 0.566499087977
0.962030180153 0.165146313359 0.430798909787
0.165146313359 0.874791244877 0.385593794155
0.430798909787 0.385593794155 0.540231488525
0.963179364682 0.149561586696 0.421783918066
0.149561586696 0.866238027307 0.372168550163
0.421783918066 0.372168550163 0.528272276503
0.963143827987 0.148957845161 0.421407131986
0.148957845161 0.865842249830 0.371628471313
0.421407131986 0.371628471313 0.527775012887
0.961755780655 0.163227247944 0.429545686759
0.163227247944 0.873403295649 0.383836770357
0.429545686759 0.383836770357 0.538582383685
0.960858681743 0.194465513332 0.448099429904
0.194465513332 0.891679744620 0.411097865947
0.448099429904 0.411097865947 0.563150845084
0.964730591448 0.247136429284 0.481235853619
0.247136429284 0.926830990842 0.458408068033
0.481235853619 0.458408068033 0.606862632645
0.980742799944 0.328114977009 0.535642227411
0.328114977009 0.988978266161 0.533659176758
0.535642227411 0.533659176758 0.678345120096
1.019274021717 0.445608278303 0.619841410799
0.445608278303 1.091504563645 0.646673869737
0.619841410799 0.646673869737 0.788601661791
1.090289431114 0.604589267387 0.740242066866
0.604589267387 1.245647848333 0.804364111326
0.740242066866 0.804364111326 0.946055285115
1.192137545151 0.795163617343 0.890195223494
0.795163617343 1.444926702427 0.997825354122
0.890195223494 0.997825354122 1.143099223057
1.291981875855 0.974813235292 1.032335007851
0.974813235292 1.640245450403 1.182234114310
1.032335007851 1.182234114310 1.335515395076
1.318988391983 1.065768041336 1.094254414754
1.065768041336 1.736013574559 1.273623802436
1.094254414754 1.273623802436 1.441170156323
1.212358438558 1.005100029386 1.015183769359
1.005100029386 1.660089492152 1.205158686931
1.015183769359 1.205158686931 1.401349324759
0.999064463945 0.819058590623 0.818862314919
0.819058590623 1.461505570708 1.009473647886
0.818862314919 1.009473647886 1.261544374653
0.778944416389 0.606954661350 0.600496988616
0.606954661350 1.273836071350 0.797111807215
0.600496988616 0.797111807215 1.135174038518
0.625382309529 0.445704726757 0.434597823345
0.445704726757 1.180014062799 0.648424329104
0.434597823345 0.648424329104 1.088431584666
0.546251473429 0.350422777658 0.335601678491
0.350422777658 1.174366383653 0.573444579620
0.335601678491 0.573444579620 1.112314907457
0.517081434914 0.303203038218 0.285491650175
0.303203038218 1.216390149588 0.547859361947
0.285491650175 0.547859361947 1.170717869882
0.513344417582 0.283192851473 0.263319591158
0.283192851473 1.272972595753 0.547025278662
0.263319591158 0.547025278662 1.235783160123
0.519863416208 0.276486792948 0.255038972380
0.276486792948 1.326920871588 0.555775471887
0.255038972380 0.555775471887 1.293970686595
0.529128003550 0.275584393638 0.253006423641
0.275584393638 1.371945973944 0.566700065849
0.253006423641 0.566700065849 1.341074342301
0.537966728730 0.276862070582 0.253480306970
0.276862070582 1.407058830946 0.576748236497
0.253480306970 0.576748236497 1.377192245996
0.545274825298 0.278691165943 0.254743931155
0.278691165943 1.433257683753 0.584921148938
0.254743931155 0.584921148938 1.403868779631
0.550816063230 0.280387010029 0.256050651535
0.280387010029 1.451989557999 0.591064066929
0.256050651535 0.591064066929 1.422821570995
0.554663414841 0.281686297832 0.257095395894
0.281686297832 1.464548550613 0.595307857523
0.257095395894 0.595307857523 1.435478236398
0.556957505963 0.282501804003 0.257764353359
0.282501804003 1.471887703323 0.597831204296
0.257764353359 0.597831204296 1.442856987244
0.557809321870 0.282811748903 0.258020799433
0.282811748903 1.474586611054 0.598766895677
0.258020799433 0.598766895677 1.445567333131
0.557264573569 0.282613174339 0.257856391888
0.282613174339 1.472861943095 0.598168570879
0.257856391888 0.598168570879 1.443835515116
0.555294361813 0.281907986270 0.257276445142
0.281907986270 1.466576586527 0.596002312063
0.257276445142 0.596002312063 1.437518352508
0.551801662174 0.280712068418 0.256309502959
0.280712068418 1.455235427551 0.592152586448
0.256309502959 0.592152586448 1.426096023033
0.546651000027 0.279093916468 0.255047679800
0.279093916468 1.437977299838 0.586449973591
0.255047679800 0.586449973591 1.408651681276
0.539751789298 0.277269347762 0.253744395826
0.277269347762 1.413602939135 0.578751446628
0.253744395826 0.578751446628 1.383871091721
