-8.947430 4.179300 0.215430
-9.244240 4.141000 0.023940
-9.196370 4.428230 -0.339900
-9.024020 4.476110 -0.789900
-8.957000 4.246320 -1.393100
-9.110190 4.102700 -1.507990
-8.832530 4.610150 -1.460120
-8.717640 4.552700 -1.555870
-8.985730 3.911210 -1.814380
-8.957000 3.892060 -1.661190
-8.765510 4.351640 -1.843100
-8.650620 4.811220 -2.053740
-8.937850 5.376120 -2.484600
-9.071900 5.175050 -2.877160
-8.832530 4.380360 -3.126090
-8.727210 3.987800 -3.796310
-8.516570 4.409090 -3.987800
-8.401680 4.198450 -3.633550
-8.210190 3.729290 -3.537800
-7.645290 3.470780 -3.365460
-7.061240 3.442050 -3.480350
-6.381440 3.250560 -3.327160
-5.749520 2.915450 -2.302680
-5.299520 2.838860 -1.115440
-5.002710 2.867580 -0.110110
-5.012280 2.934600 0.464370
-5.203770 3.240990 0.990970
-5.098450 3.365460 1.900550
-4.591000 2.360130 2.877160
-3.758010 1.163310 3.882480
-3.126090 0.770750 4.629300
-1.977150 0.818620 5.289940
-0.081380 1.345230 5.615480
1.536720 0.809050 5.835700
2.953750 -0.607980 7.003790
5.299520 -2.149490 8.286780
7.587840 -3.489930 9.943180
8.832530 -3.892060 12.269800
8.133590 -3.901630 12.873000
6.304850 -3.786740 12.298520
5.347390 -3.949510 11.484690
5.242070 -3.939930 11.341070
4.887810 -4.964410 11.207020
4.476110 -5.768670 11.044250
3.633550 -5.088880 10.508080
2.417580 -4.533550 10.881490
1.421820 -4.073980 11.781500
1.144160 -3.413330 13.035760
1.747360 -2.522900 14.108110
1.728210 -2.015450 13.830450
0.655860 -2.475020 13.131510
0.129260 -3.528230 12.537890
1.029270 -4.246320 12.566610
1.728210 -3.825040 12.528310
1.373950 -3.623970 11.992140
0.052660 -3.623970 11.293190
-0.876070 -3.365460 11.590010
-0.081380 -3.786740 12.585760
0.742030 -4.255890 12.528310
-0.157980 -2.838860 10.192120
-1.306930 -1.977150 9.857010
-1.268630 -1.938850 10.498510
-0.914370 -2.063320 10.211270
-1.010120 -2.455870 9.732540
-1.843100 -2.436730 9.100620
-2.819710 -2.168640 8.765510
-3.250560 -1.575020 7.635710
-3.451630 -0.579260 6.572940
-3.556950 -0.205850 5.682500
-3.461200 -0.473940 4.887810
-4.208020 0.196280 4.275040
-4.715470 1.077140 4.054830
-4.619720 1.843100 3.595250
-4.504830 2.197360 3.308010
-4.275040 2.139910 3.059070
-4.581430 1.536720 2.532470
-5.261220 1.125010 2.360130
-5.653780 1.192030 1.776080
-5.471860 1.603740 1.345230
-5.117600 2.216510 0.847350
-5.184620 2.072890 1.220760
-5.567610 2.120770 0.856920
-5.912290 2.283530 0.627130
-6.065480 2.360130 0.646280
-5.854840 2.379280 0.339900
-6.027190 2.637790 -0.397340
-6.601660 3.537800 -1.019690
-7.578260 4.160150 -1.373950
-8.200610 4.198450 -1.862250
-8.420830 4.763340 -2.570770
-8.516570 5.318670 -3.173970
-9.215510 5.979310 -4.523980
-9.560200 7.808050 -5.806970
-9.205940 8.296360 -4.878240
-9.119770 7.894220 -3.489930
