-8.708060 3.442050 0.636710
-8.842110 3.681420 0.847350
-8.966580 3.968660 1.364370
-9.043170 3.384610 1.622890
-8.621890 2.790980 1.086710
-8.171890 2.723960 0.665430
-8.191040 2.561200 0.914370
-8.401680 2.025020 1.010120
-8.085720 1.565440 1.766510
-7.252730 0.971820 2.628220
-6.831450 1.038840 2.609070
-6.917620 1.843100 2.494170
-6.841020 2.350550 2.704810
-6.429320 1.776080 3.078220
-5.567610 1.019690 3.518650
-4.677170 0.483520 4.284620
-3.987800 -0.177130 5.088880
-3.997380 0.090960 5.328240
-4.064400 0.799480 5.730370
-3.930360 0.598410 5.979310
-3.193120 -0.579260 6.209100
-2.283530 -1.383520 6.534640
-1.613310 -0.943090 7.587840
-0.847350 -0.483520 8.593170
0.751600 -0.646280 8.947430
3.030350 -1.192030 9.205940
4.141000 -4.705900 10.776170
4.409090 -5.481440 11.159150
4.389940 -4.552700 11.111280
3.777160 -3.805890 11.207020
3.221840 -4.600580 10.871910
3.164390 -5.079300 10.546380
2.925030 -4.447380 10.469780
2.120770 -3.662270 10.125100
1.335650 -3.116520 10.038930
0.933520 -2.819710 10.192120
0.646280 -2.580340 10.259140
0.311170 -2.618640 10.287870
0.282450 -2.589920 10.412330
0.694160 -2.082470 10.584680
1.077140 -1.919700 10.584680
1.259050 -2.388850 10.938940
1.632460 -3.480350 11.226170
2.264380 -3.777160 11.321920
2.369700 -3.317590 11.130430
1.680340 -3.288860 10.833610
0.971820 -3.681420 10.364460
0.588840 -3.815460 9.991050
1.268630 -3.604820 10.086800
1.211180 -3.308010 10.316590
0.397340 -3.279290 10.383610
-0.502660 -3.135670 9.914460
-0.856920 -3.585670 9.770840
-0.780330 -4.093120 9.186790
-0.694160 -3.738870 8.746360
-1.709060 -2.130340 7.922950
-3.528230 -0.416490 7.300600
-5.318670 -0.809050 7.013370
-5.184620 -1.871830 6.572940
-4.476110 -1.239910 5.902720
-4.591000 0.157980 5.060160
-5.289940 1.211180 4.188870
-6.180380 1.622890 3.815460
-6.572940 1.249480 3.078220
-6.505910 1.469690 2.647370
-6.314420 1.718630 2.034590
-6.027190 1.986720 1.268630
-5.864420 2.350550 0.837770
-5.950590 1.843100 0.339900
-6.142080 1.450550 0.157980
-6.371870 2.082470 0.052660
-6.649530 3.384610 -0.579260
-7.128260 4.370790 -1.048410
-7.415500 4.533550 -1.498420
-7.358050 4.485680 -1.737780
-7.606990 5.318670 -2.005870
-8.363380 6.898470 -2.714390
-8.602740 8.181460 -3.777160
-9.167640 9.876160 -4.839940
-9.196370 10.862340 -5.108030
-8.181460 9.024020 -3.729290
-7.233580 5.653780 -1.728210
-7.233580 3.145240 -0.694160
-7.989970 3.748440 -0.895220
-8.583590 5.395260 -1.211180
-8.296360 4.935690 -1.163310
-8.124010 3.777160 -1.278200
-8.305930 3.288860 -0.923950
-8.439980 3.365460 -0.071810
-8.267630 3.834610 0.952670
-8.296360 4.141000 1.086710
-8.411250 4.131420 0.464370
-8.459130 4.064400 0.196280
-8.363380 3.968660 0.416490
-8.191040 3.949510 0.876070
