-9.071900 3.212260 -1.201610
-9.502750 3.547370 -2.034590
-9.598500 3.346310 -2.963330
-9.617650 3.451630 -3.489930
-9.598500 3.690990 -3.240990
-9.407000 3.815460 -3.001620
-9.043170 3.997380 -3.240990
-8.889980 4.131420 -3.662270
-8.928280 4.045250 -4.275040
-8.765510 4.466530 -4.993130
-8.449550 4.820790 -5.194200
-8.200610 4.523980 -6.008040
-8.238910 5.423990 -6.678260
-8.794230 6.285700 -6.046330
-9.043170 6.687830 -6.946340
-8.593170 6.898470 -8.411250
-8.688910 6.984640 -9.330410
-8.688910 6.391020 -9.186790
-8.056990 5.864420 -8.688910
-7.013370 4.964410 -7.913370
-5.653780 4.964410 -8.018690
-4.236740 5.443140 -7.750610
-3.279290 4.169720 -6.888900
-2.781410 2.340980 -5.835700
-2.465450 1.795230 -4.945260
-2.025020 1.718630 -3.825040
-1.594160 2.273960 -2.992050
-1.182460 2.867580 -1.718630
-1.029270 2.714390 -0.148410
-1.488840 1.776080 0.914370
-1.756930 1.565440 2.331410
-2.149490 2.025020 3.930360
-2.264380 2.896300 4.772920
-1.881400 3.231410 5.395260
-1.527140 2.762260 6.879320
0.981390 -0.895220 11.417660
3.662270 -2.781410 13.188960
7.156980 -5.299520 15.888980
10.239990 -3.556950 18.416670
11.580430 -3.997380 19.594340
11.111280 -8.104870 19.594340
9.502750 -9.924030 19.594340
8.717640 -8.286780 19.594340
7.386770 -5.385690 19.594340
4.428230 -5.883570 19.067740
3.317590 -7.702730 17.286870
4.342060 -7.099540 15.573020
5.347390 -4.016530 13.457050
3.844190 -1.239910 11.140000
0.895220 -0.023940 8.679340
-0.847350 0.292020 6.410170
-1.498420 1.144160 4.016530
-2.187790 2.628220 2.656940
-3.231410 3.815460 0.943090
-3.537800 3.556950 -0.828200
-3.135670 2.417580 -2.235660
-2.867580 1.565440 -3.853760
-3.039920 0.943090 -4.868660
-3.834610 1.105860 -5.395260
-4.073980 2.235660 -6.008040
-3.461200 3.260140 -7.061240
-3.116520 4.179300 -7.779330
-3.327160 4.188870 -8.047420
-3.844190 3.556950 -8.315510
-4.610150 3.442050 -9.272960
-5.318670 3.547370 -10.067650
-6.295270 4.763340 -11.484690
-7.434650 6.754850 -11.398510
-8.210190 9.368710 -10.766590
-9.110190 10.345310 -10.278290
-9.282540 9.627220 -10.441060
-8.487850 9.713390 -9.100620
-7.750610 10.833610 -7.358050
-7.578260 10.096370 -4.906960
-7.511240 8.066570 -3.221840
-7.099540 6.467620 -2.350550
-6.908050 5.414410 -1.766510
-7.089960 4.523980 -1.373950
-7.396350 4.342060 -1.096290
-7.396350 4.380360 -0.904800
-7.367620 4.198450 -1.096290
-7.338900 3.930360 -1.249480
-7.463370 3.623970 -1.172880
-7.492090 3.872910 -1.278200
-7.492090 4.849520 -1.268630
-7.492090 5.079300 -1.709060
-7.559120 5.385690 -1.613310
-7.425070 5.519730 -1.316500
-7.329330 5.644200 -1.144160
-7.367620 5.682500 -1.010120
-7.539970 5.481440 -1.239910
-7.693160 5.404840 -1.680340
-7.453800 5.165480 -1.306930
-7.061240 5.261220 -1.019690
-6.946340 5.663350 -0.713300
