-8.593170 4.006950 -0.311170
-8.612320 4.160150 -0.157980
-8.727210 4.093120 -0.292020
-8.775080 3.825040 -0.856920
-8.535720 3.681420 -1.680340
-8.459130 4.121850 -2.120770
-8.880400 4.198450 -2.446300
-9.119770 4.447380 -3.221840
-8.803810 4.686750 -3.882480
-8.372950 5.021860 -4.265470
-8.238910 5.175050 -4.753770
-8.258060 5.567610 -5.414410
-8.305930 5.826120 -5.931440
-8.478270 5.701650 -6.620810
-8.152740 5.510160 -7.233580
-7.951670 5.222920 -7.846350
-7.674010 4.839940 -8.076140
-6.898470 4.945260 -8.248480
-5.941020 5.050580 -8.037840
-5.184620 4.591000 -7.827200
-4.715470 3.997380 -7.291030
-4.418660 3.796310 -6.189950
-3.997380 3.805890 -5.136750
-2.886730 3.470780 -4.198450
-2.005870 2.771840 -2.829280
-2.216510 2.484600 -1.689910
-2.992050 2.656940 -0.253730
-3.700570 2.570770 1.326080
-3.489930 1.814380 3.652690
-2.245230 1.144160 5.893140
-1.096290 1.507990 7.434650
-0.014360 1.326080 8.114440
1.929270 -1.737780 9.387860
5.510160 -6.812300 11.532560
10.019780 -10.958080 15.295360
12.432570 -9.713390 18.780500
9.952760 -6.860170 19.594340
6.706980 -6.467620 19.584760
5.041010 -7.501670 18.349650
4.370790 -6.994220 16.233670
3.863340 -5.701650 15.850690
2.877160 -4.591000 15.888980
1.383520 -3.844190 14.663440
0.598410 -3.700570 13.887900
1.460120 -3.193120 14.558120
2.685660 -2.455870 14.165560
2.455870 -1.948420 13.284700
1.201610 -2.494170 11.542130
-0.110110 -3.499500 9.866590
-0.780330 -3.030350 8.698490
-0.933520 -1.680340 7.750610
-1.297350 0.311170 6.697400
-2.101620 1.546290 6.391020
-3.327160 1.249480 5.519730
-3.930360 -0.493090 4.638870
-3.805890 0.043090 2.925030
-3.796310 1.996300 2.465450
-4.504830 1.823950 2.436730
-5.356970 1.479270 2.111190
-5.538880 1.326080 1.479270
-5.567610 2.331410 0.636710
-7.233580 1.823950 0.177130
-6.735700 0.493090 -1.268630
-6.362300 2.723960 -4.026100
-6.467620 5.960160 -6.975070
-7.894220 7.252730 -9.885730
-9.292110 8.325080 -11.896390
-9.196370 10.776170 -12.269800
-8.478270 12.097460 -10.785740
-7.683580 10.910210 -7.980400
-7.051660 8.755940 -6.036760
-6.841020 7.089960 -4.763340
-6.908050 6.084630 -4.102700
-6.965490 5.155900 -3.164390
-6.841020 4.160150 -1.555870
-6.994220 3.700570 0.033510
-7.271880 4.026100 1.000540
-7.214430 4.418660 1.517570
-7.013370 4.093120 1.498420
-7.118690 4.064400 1.010120
-7.530390 4.638870 0.416490
-7.549540 5.510160 0.100530
-7.262300 5.826120 -0.023940
-7.109110 5.663350 -0.157980
-7.386770 5.280370 -0.627130
-7.539970 4.686750 -0.866500
-7.405920 4.801640 -0.531390
-7.300600 5.280370 -0.244150
-7.281450 5.127180 -0.234580
-7.501670 4.638870 -0.196280
-7.865500 4.380360 0.033510
-8.210190 4.571850 0.205850
-8.325080 4.935690 0.703730
-7.999550 4.954840 0.981390
-7.750610 4.935690 0.579260
