10.583138603598 -1.090636002230 -0.024587551888
10.633333850561 -1.105775397329 0.044569774535
10.684868246989 -1.120006279345 0.116200037780
10.738641537075 -1.132970163814 0.191994190193
10.796220789390 -1.144210003779 0.274916884533
10.860368161409 -1.153220281524 0.370228756761
10.935987914253 -1.159651274879 0.487334149438
11.031774829652 -1.163901497273 0.643024975049
11.162867565650 -1.168594783067 0.866763176065
11.354328664561 -1.181808851092 1.207759300195
11.643074041250 -1.222862509302 1.739362289119
12.070317181850 -1.328824306002 2.545262437004
12.652028471451 -1.551503041905 3.662237405980
13.334952291690 -1.928949552875 4.992107640776
13.997411898123 -2.444681490620 6.298527409754
14.529909618542 -3.030960726897 7.362607693817
14.903091102368 -3.621169705102 8.119922581199
15.149977961399 -4.183577712702 8.630215958319
15.317419914925 -4.714699711390 8.983121150162
15.440842489524 -5.221822901829 9.247520756818
15.540964265427 -5.712629343972 9.464127773266
15.627589128359 -6.191593392665 9.652656528961
15.703014216099 -6.659059486682 9.818930301517
15.763146908660 -7.110409334690 9.958319999110
15.796019481555 -7.534008691470 10.055422385675
15.777405216529 -7.907126281276 10.080351273365
15.663318062686 -8.189508989616 9.982353156612
15.380921700372 -8.316150926666 9.683681127318
14.825165415109 -8.196040076480 9.082762628499
13.878553190369 -7.732071359070 8.083998989102
12.472157348505 -6.876184653102 6.665472610720
10.665843927521 -5.696720412362 4.948240914503
8.661691492603 -4.381895157972 3.178035660363
6.701828828363 -3.143783513147 1.597705381982
4.945150675465 -2.112372387324 0.331345103245
3.433884631240 -1.313292241715 -0.622379603655
2.136023481782 -0.709844949809 -1.329134444062
0.995717347957 -0.248184353435 -1.864621987579
-0.039233011436 0.119366388437 -2.290438859401
-1.009502442429 0.428262403282 -2.650315573894
-1.945850136859 0.703513248227 -2.974473674127
-2.873798531846 0.963876381930 -3.285985031970
-3.818211855391 1.226596731281 -3.607406864958
-4.804805547772 1.512274732784 -3.967443636449
-5.852639523681 1.848904492199 -4.406175749926
-6.947338432960 2.271058864830 -4.972643090852
-7.990367567645 2.805346924194 -5.701629490024
-8.760546904086 3.436938858662 -6.563217624724
-8.981977160681 4.083038597431 -7.426008395660
-8.512294516918 4.625784679025 -8.110916336234
-7.445772171292 4.989579245173 -8.506261741133
-6.000825751653 5.172044632380 -8.606388686084
-4.359505626192 5.210243199658 -8.451260460819
-2.606650613200 5.139437746144 -8.053135204849
-0.744127016978 4.973667620866 -7.348723916103
1.271414817281 4.702645548867 -6.166489377655
3.465718338653 4.301136271290 -4.222584224213
5.727148975219 3.762029608901 -1.237178388169
7.674711156073 3.157021739841 2.716938030365
8.762366162978 2.657427897943 6.887115924254
8.720591033047 2.422868007179 10.223407737403
7.773167341048 2.474438813482 12.215265018941
6.335391425706 2.725615148972 13.037082818762
4.710453695587 3.078972232935 13.098886590158
3.046705813427 3.466202092201 12.731866961425
1.407828069027 3.840652017934 12.131729230472
-0.159764622828 4.158564016873 11.399655250137
-1.579360881481 4.364593542301 10.592379531160
-2.719093855106 4.393873891109 9.764786638109
-3.428426984847 4.210114840021 8.997243333415
-3.666218903705 3.866768891129 8.378155426530
-3.590219475128 3.500244426561 7.941376416019
-3.438766356031 3.225571928688 7.643815076758
-3.357690588293 3.071044119403 7.417218805517
-3.376412064140 3.008762742997 7.214863956324
-3.470928337944 3.001712807839 7.016382557194
-3.610662186129 3.023305479909 6.815980825303
-3.773886116465 3.058404787536 6.613231085631
-3.948191151367 3.099430031772 6.408935028296
-4.127336607306 3.142900554092 6.203822398931
-4.308459525438 3.187324996770 5.998331789374
-4.490342211373 3.232102188442 5.792682395684
-4.672500384682 3.277003219100 5.586971421061
-4.854753048649 3.321945566781 5.381238182196
-5.037036422957 3.366901024651 5.175497393606
-5.219329267437 3.411860441288 4.969754194080
-5.401624885619 3.456820996082 4.764010267405
-5.583921276049 3.501781862565 4.558266133159
-5.766217871007 3.546742810384 4.352521942743
