-0.012377653040 0.001315243983 -0.000316940701
-0.009376229053 0.000998000144 -0.000249263054
-0.006374805067 0.000680756305 -0.000181585406
-0.003373381082 0.000363512466 -0.000113907759
-0.000371957114 0.000046268629 -0.000046230114
0.002629466738 -0.000270975193 0.000021447520
0.005630889825 -0.000588218920 0.000089125075
0.008632308282 -0.000905462071 0.000156802153
0.011633701141 -0.001222702033 0.000224476573
0.014634964594 -0.001539925845 0.000292137439
0.017635631380 -0.001857075034 0.000359735149
0.020633795655 -0.002173910414 0.000427064527
0.023622448652 -0.002489549088 0.000493357303
0.026578525189 -0.002801070737 0.000556023550
0.029434950086 -0.003099920515 0.000607271623
0.032023519945 -0.003364396184 0.000626522873
0.034001022176 -0.003549253703 0.000567779115
0.034896630704 -0.003588707308 0.000352434584
0.034739050160 -0.003469960266 -0.000084787594
0.035767569348 -0.003447194313 -0.000614752020
0.043367851560 -0.004180636628 -0.000723015623
0.061792363857 -0.006230542722 0.000158986604
0.089318754556 -0.009428382234 0.002044383091
0.121293208037 -0.013213793125 0.004530954740
0.154503079610 -0.017182085409 0.007266673023
0.187640983835 -0.021159974795 0.010073038652
0.220327783279 -0.025089861538 0.012871056485
0.252360451317 -0.028929192134 0.015583621315
0.283193079907 -0.032563997418 0.018011277660
0.312234305553 -0.035843678480 0.019815362774
0.344368426313 -0.039549756601 0.021788437298
0.396403480293 -0.046700640023 0.028119576128
0.470138290556 -0.057833482890 0.040233291990
0.549038842031 -0.070025191653 0.054260721732
0.626179170258 -0.081919716493 0.068034143251
0.700813859340 -0.093298702608 0.080783657230
0.772950407478 -0.104436583356 0.091574758457
0.850907186643 -0.118003862875 0.102839235032
0.954599143770 -0.136534404048 0.124805612401
1.072101522574 -0.155093063052 0.154554047257
1.187942965664 -0.172721869546 0.184247029482
1.302006311412 -0.193401410077 0.210868823615
1.424281165916 -0.223474309317 0.235056695637
1.563680500386 -0.258318208364 0.268045195033
1.707924369279 -0.286395759099 0.308392942290
1.854144711623 -0.307532761535 0.345918596228
2.014287287562 -0.333099166833 0.386245509108
2.188458606647 -0.374350542096 0.442526409638
2.364021138241 -0.422188468582 0.505287007620
2.540328714509 -0.467824766857 0.561734329639
2.725602859633 -0.510310063413 0.609188260675
2.928062407705 -0.556308343795 0.661146707285
3.141838732085 -0.612231708081 0.733352017723
3.356167608258 -0.674556161817 0.819918053848
3.569475378014 -0.737740366480 0.908535835467
3.784909894913 -0.798976452810 0.992226719334
4.006404494873 -0.857033781151 1.067548669720
4.237208504668 -0.912204520258 1.134802485440
4.476847848229 -0.967193011627 1.200546844955
4.719751573743 -1.025688911542 1.274338168669
4.960208361842 -1.088989864046 1.360017148027
5.196762327393 -1.155730081857 1.454506931463
5.430784710002 -1.224082572404 1.553250509936
5.663960128121 -1.292884965213 1.653191821077
5.897458460284 -1.361581415501 1.752699770053
6.132043401584 -1.429948790674 1.850842809649
6.368296012616 -1.497947651138 1.946922139161
6.606672332558 -1.565691398326 2.040276757032
6.847283981779 -1.633468599562 2.130241227762
7.089269302283 -1.701741448576 2.216193372258
7.329707948536 -1.771005621521 2.297676809274
7.562580863362 -1.841392466283 2.374575384977
7.779267933048 -1.912103729883 2.447235151385
7.971928804428 -1.981212499028 2.516360069083
8.137981363822 -2.046364662854 2.582667437938
8.281289569801 -2.105933600003 2.646600550479
8.409064431378 -2.159553231951 2.708346495572
8.528096818366 -2.207785790580 2.768033020718
8.643069128424 -2.251530604367 2.825869608325
8.756669072738 -2.291638339607 2.882170714724
8.870297224453 -2.328772728640 2.937317264097
8.984690612438 -2.363404013219 2.991711167503
9.100315368444 -2.395843193554 3.045744827490
9.217582442526 -2.426276861241 3.099787776237
9.336964144863 -2.454791145982 3.154186416388
9.459065929716 -2.481384039214 3.209272700029
9.584684765914 -2.505967935928 3.265379039464
9.714871070983 -2.528364190709 3.322858167435
9.851003206503 -2.548291058711 3.382107616711
