0.001145234619 -0.000015556667 0.000004436896
-0.000015556667 0.001003326848 -0.000001025178
0.000004436896 -0.000001025178 0.001003025585
0.001145234619 -0.000015556667 0.000004436896
-0.000015556667 0.001003326848 -0.000001025178
0.000004436896 -0.000001025178 0.001003025585
0.001145234619 -0.000015556667 0.000004436896
-0.000015556667 0.001003326848 -0.000001025178
0.000004436896 -0.000001025178 0.001003025585
0.001145234619 -0.000015556667 0.000004436896
-0.000015556667 0.001003326848 -0.000001025178
0.000004436896 -0.000001025178 0.001003025585
0.001145234619 -0.000015556667 0.000004436896
-0.000015556667 0.001003326848 -0.000001025178
0.000004436896 -0.000001025178 0.001003025585
0.001145234619 -0.000015556667 0.000004436896
-0.000015556667 0.001003326847 -0.000001025178
0.000004436896 -0.000001025178 0.001003025585
0.001145234613 -0.000015556667 0.000004436896
-0.000015556667 0.001003326843 -0.000001025178
0.000004436896 -0.000001025178 0.001003025580
0.001145234580 -0.000015556667 0.000004436896
-0.000015556667 0.001003326813 -0.000001025178
0.000004436896 -0.000001025178 0.001003025551
0.001145234374 -0.000015556664 0.000004436895
-0.000015556664 0.001003326633 -0.000001025178
0.000004436895 -0.000001025178 0.001003025371
0.001145233217 -0.000015556648 0.000004436891
-0.000015556648 0.001003325620 -0.000001025177
0.000004436891 -0.000001025177 0.001003024358
0.001145227211 -0.000015556567 0.000004436868
-0.000015556567 0.001003320358 -0.000001025171
0.000004436868 -0.000001025171 0.001003019097
0.001145198446 -0.000015556176 0.000004436756
-0.000015556176 0.001003295157 -0.000001025146
0.000004436756 -0.000001025146 0.001002993904
0.001145071426 -0.000015554451 0.000004436264
-0.000015554451 0.001003183876 -0.000001025032
0.000004436264 -0.000001025032 0.001002882657
0.001144554566 -0.000015547433 0.000004434266
-0.000015547433 0.001002731058 -0.000001024574
0.000004434266 -0.000001024574 0.001002429985
0.001142619460 -0.000015521190 0.000004426829
-0.000015521190 0.001001035690 -0.000001022910
0.000004426829 -0.000001022910 0.001000735277
0.001135982263 -0.000015431571 0.000004401858
-0.000015431571 0.000995220363 -0.000001017819
0.000004401858 -0.000001017819 0.000994923580
0.001115383607 -0.000015157403 0.000004329826
-0.000015157403 0.000977168319 -0.000001008264
0.000004329826 -0.000001008264 0.000976896640
0.001059410755 -0.000014445380 0.000004179530
-0.000014445380 0.000928081482 -0.000001034246
0.000004179530 -0.000001034246 0.000927993121
0.000936321611 -0.000013093900 0.000004144315
-0.000013093900 0.000819914920 -0.000001428978
0.000004144315 -0.000001428978 0.000820977727
0.000751073514 -0.000012067424 0.000005479500
-0.000012067424 0.000656089271 -0.000003610050
0.000005479500 -0.000003610050 0.000662401035
0.000622012432 -0.000014604000 0.000010890126
-0.000014604000 0.000538609628 -0.000010251706
0.000010890126 -0.000010251706 0.000559927813
0.000673010868 -0.000022474209 0.000020977240
-0.000022474209 0.000575908864 -0.000021603320
0.000020977240 -0.000021603320 0.000622265209
0.000843236900 -0.000032210416 0.000031865816
-0.000032210416 0.000717408642 -0.000033449842
0.000031865816 -0.000033449842 0.000789631904
0.001009675956 -0.000040008342 0.000040139919
-0.000040008342 0.000857530753 -0.000042320815
0.000040139919 -0.000042320815 0.000949036267
0.001125950538 -0.000045065864 0.000045382688
-0.000045065864 0.000955821401 -0.000047903571
0.000045382688 -0.000047903571 0.001059435882
0.001197555313 -0.000048078374 0.000048470721
-0.000048078374 0.001016456142 -0.000051180841
0.000048470721 -0.000051180841 0.001127171482
0.001239268669 -0.000049805339 0.000050231108
-0.000049805339 0.001051807830 -0.000053045994
0.000050231108 -0.000053045994 0.001166562232
0.001258579132 -0.000050602802 0.000051043033
-0.000050602802 0.001068182740 -0.000053908154
0.000051043033 -0.000053908154 0.001184803897
0.001240681770 -0.000049919472 0.000050358712
-0.000049919472 0.001053204573 -0.000053261878
0.000050358712 -0.000053261878 0.001168426509
0.001109464624 -0.000045273079 0.000045712861
-0.000045273079 0.000946842478 -0.000050067536
0.000045712861 -0.000050067536 0.001055112761
0.000790131580 -0.000039959894 0.000040833330
-0.000039959894 0.000735959381 -0.000065475333
0.000040833330 -0.000065475333 0.000877063864
0.000674297389 -0.000066662358 0.000069770126
-0.000066662358 0.000888176732 -0.000181690823
0.000069770126 -0.000181690823 0.001278620014
0.000940431912 -0.000116939288 0.000123012457
-0.000116939288 0.001430181343 -0.000346007448
0.000123012457 -0.000346007448 0.002173479400
0.001155494146 -0.000147391716 0.000155122938
-0.000147391716 0.001786880621 -0.000439470366
0.000155122938 -0.000439470366 0.002730928344
0.001243505402 -0.000159075439 0.000167429130
-0.000159075439 0.001926640228 -0.000474714649
0.000167429130 -0.000474714649 0.002946390628
0.001239598981 -0.000158651671 0.000166988782
-0.000158651671 0.001921352108 -0.000473636838
0.000166988782 -0.000473636838 0.002938588124
0.001055393726 -0.000135660694 0.000142631848
-0.000135660694 0.001645412638 -0.000408628545
0.000142631848 -0.000408628545 0.002514973497
0.000609485442 -0.000089639271 0.000088932868
-0.000089639271 0.001117609254 -0.000322663919
0.000088932868 -0.000322663919 0.001661051385
0.000555278965 -0.000125278269 0.000102663455
-0.000125278269 0.001632514484 -0.000598371458
0.000102663455 -0.000598371458 0.002244289655
0.000742389133 -0.000183805661 0.000143242896
-0.000183805661 0.002393978965 -0.000896470389
0.000143242896 -0.000896470389 0.003231287201
0.000776425088 -0.000194178645 0.000150492398
-0.000194178645 0.002522261226 -0.000944091809
0.000150492398 -0.000944091809 0.003402865928
0.000641919637 -0.000164863913 0.000130434631
-0.000164863913 0.002030849609 -0.000732711046
0.000130434631 -0.000732711046 0.002883821412
0.000671234905 -0.000233547608 0.000190575019
-0.000233547608 0.001910903386 -0.000444878327
0.000190575019 -0.000444878327 0.003832876856
0.001231916981 -0.000492664178 0.000400975835
-0.000492664178 0.003395765689 -0.000554716892
0.000400975835 -0.000554716892 0.007866476338
0.001396853269 -0.000567901755 0.000459120543
-0.000567901755 0.003989735888 -0.000724043679
0.000459120543 -0.000724043679 0.009096124666
0.001152771766 -0.000490836609 0.000380085299
-0.000490836609 0.004232323391 -0.001356566083
0.000380085299 -0.001356566083 0.008186151263
0.001464405295 -0.000680164782 0.000485109183
-0.000680164782 0.007826597243 -0.003704166004
0.000485109183 -0.003704166004 0.012160165401
0.002096341882 -0.000988679594 0.000693795000
-0.000988679594 0.011916145506 -0.005869045166
0.000693795000 -0.005869045166 0.017921324359
0.002135102174 -0.001001408281 0.000700383236
-0.001001408281 0.012197890537 -0.005982013610
0.000700383236 -0.005982013610 0.018306405328
0.001790992034 -0.000811989771 0.000559784261
-0.000811989771 0.010338696728 -0.004904993922
0.000559784261 -0.004904993922 0.015478887631
0.001582864680 -0.000621560113 0.000399206602
-0.000621560113 0.009487589039 -0.003935384185
0.000399206602 -0.003935384185 0.014099408348
0.002132796006 -0.000700584922 0.000400267203
-0.000700584922 0.013276749825 -0.004732759443
0.000400267203 -0.004732759443 0.019597693574
0.002907414193 -0.000907814377 0.000494612877
-0.000907814377 0.018297308112 -0.006300370724
0.000494612877 -0.006300370724 0.026928713796
0.003157123776 -0.000959037132 0.000501171476
-0.000959037132 0.020065926259 -0.006874745735
0.000501171476 -0.006874745735 0.029375771115
0.002980793265 -0.000849994718 0.000394958433
-0.000849994718 0.019380549505 -0.006603459696
0.000394958433 -0.006603459696 0.028020098411
0.002590023712 -0.000607557950 0.000153966444
-0.000607557950 0.017817220473 -0.005969972866
0.000153966444 -0.005969972866 0.025025547058
0.002156121581 -0.000210389808 -0.000309671081
-0.000210389808 0.016897784291 -0.005396219989
-0.000309671081 -0.005396219989 0.022377419458
0.001953074061 0.000348176807 -0.001101540435
0.000348176807 0.018795807477 -0.005470487072
-0.001101540435 -0.005470487072 0.023114382565
0.002214635715 0.000974871725 -0.002167589652
0.000974871725 0.024640103418 -0.006528599985
-0.002167589652 -0.006528599985 0.029313636413
0.002770296298 0.001493404928 -0.003185090002
0.001493404928 0.031890891264 -0.007968701957
-0.003185090002 -0.007968701957 0.038178826958
0.003239718984 0.001804682885 -0.003860815219
0.001804682885 0.037060066866 -0.008956650588
-0.003860815219 -0.008956650588 0.045001039145
0.003485132568 0.001944190733 -0.004185032317
0.001944190733 0.039488969659 -0.009369310930
-0.004185032317 -0.009369310930 0.048431709508
0.003568496232 0.001987931682 -0.004285964133
0.001987931682 0.040241486404 -0.009487571219
-0.004285964133 -0.009487571219 0.049528686633
0.003566752171 0.001986995782 -0.004264185189
0.001986995782 0.040250309372 -0.009540550557
-0.004264185189 -0.009540550557 0.049377583201
0.003520711099 0.001964106358 -0.004164349458
0.001964106358 0.039941017521 -0.009627896411
-0.004164349458 -0.009627896411 0.048496426848
0.003447948823 0.001926530076 -0.003996120825
0.001926530076 0.039420573125 -0.009770587192
-0.003996120825 -0.009770587192 0.047021706839
0.003360152345 0.001874919685 -0.003751511042
0.001874919685 0.038641685414 -0.009947610303
-0.003751511042 -0.009947610303 0.044906181726
0.003276684360 0.001806271682 -0.003413322260
0.001806271682 0.037479611964 -0.010105533271
-0.003413322260 -0.010105533271 0.042017886462
0.003240581959 0.001710824697 -0.002962444466
0.001710824697 0.035789433587 -0.010154515044
-0.002962444466 -0.010154515044 0.038203575529
0.003343851940 0.001557889627 -0.002395587855
0.001557889627 0.033536220009 -0.009967513961
-0.002395587855 -0.009967513961 0.033392701258
0.003761101059 0.001262101344 -0.001766691513
0.001262101344 0.031088776437 -0.009407265679
-0.001766691513 -0.009407265679 0.027794128983
0.004761918370 0.000640293784 -0.001247463574
0.000640293784 0.029605014680 -0.008405080709
-0.001247463574 -0.008405080709 0.022122507182
0.006628386042 -0.000565597743 -0.001140406997
-0.000565597743 0.030969431633 -0.007064407022
-0.001140406997 -0.007064407022 0.017555094146
0.009443800971 -0.002500716735 -0.001738678487
-0.002500716735 0.036610686810 -0.005671322107
-0.001738678487 -0.005671322107 0.015128966227
0.012929106002 -0.004963819072 -0.003091685102
-0.004963819072 0.045962872347 -0.004537698260
-0.003091685102 -0.004537698260 0.015001690854
0.016571467725 -0.007456023532 -0.004950214628
-0.007456023532 0.056602174048 -0.003824377685
-0.004950214628 -0.003824377685 0.016455428517
0.019932111039 -0.009502509635 -0.006964209381
-0.009502509635 0.066019865305 -0.003521001525
-0.006964209381 -0.003521001525 0.018573263635
0.022811121879 -0.010876485699 -0.008883077140
-0.010876485699 0.072899467488 -0.003536264144
-0.008883077140 -0.003536264144 0.020746691824
0.025205087208 -0.011581937317 -0.010600966627
-0.011581937317 0.077086915739 -0.003773854535
-0.010600966627 -0.003773854535 0.022723449535
0.027199434337 -0.011736865919 -0.012106935149
-0.011736865919 0.079017950263 -0.004159517532
-0.012106935149 -0.004159517532 0.024457877072
0.028892860352 -0.011482618598 -0.013428585569
-0.011482618598 0.079267632374 -0.004641328818
-0.013428585569 -0.004641328818 0.025981838617
0.030365029468 -0.010942778106 -0.014599155052
-0.010942778106 0.078344884658 -0.005183203525
-0.014599155052 -0.005183203525 0.027339933590
0.031669290330 -0.010212911819 -0.015644052994
-0.010212911819 0.076638702759 -0.005759071994
-0.015644052994 -0.005759071994 0.028566305906
0.032835133909 -0.009362924617 -0.016577354374
-0.009362924617 0.074426119770 -0.006348973826
-0.016577354374 -0.006348973826 0.029679727571
0.033872905926 -0.008442596652 -0.017402075042
-0.008442596652 0.071896258455 -0.006936668736
-0.017402075042 -0.006936668736 0.030684806024
0.034778097759 -0.007486781004 -0.018111332485
-0.007486781004 0.069173676919 -0.007508237636
-0.018111332485 -0.007508237636 0.031574511641
0.035534660507 -0.006519368067 -0.018689286297
-0.006519368067 0.066336964659 -0.008051333903
-0.018689286297 -0.008051333903 0.032332558305
0.036117584028 -0.005556026133 -0.019111543160
-0.005556026133 0.063433017697 -0.008554936478
-0.019111543160 -0.008554936478 0.032935477417
0.036495311407 -0.004605926265 -0.019345038245
-0.004605926265 0.060488673550 -0.009009620386
-0.019345038245 -0.009009620386 0.033354760401
