6.132470719087 -1.668744912140 -1.328462882189
5.911737950351 -1.595429468456 -1.275296570677
5.690526393860 -1.522827151061 -1.222659292984
5.468572634992 -1.450613976237 -1.170476563432
5.245369693831 -1.378086160089 -1.118648513761
5.020032064140 -1.303699718117 -1.067102711199
4.791318665571 -1.224247039792 -1.015991547019
4.558411958784 -1.134126407330 -0.966129998679
4.323210450484 -1.027070033054 -0.919334884321
4.092327155196 -0.903171729525 -0.877301908213
3.873161043884 -0.774293886564 -0.838841830124
3.666623362944 -0.655824511045 -0.799552928673
3.467507794580 -0.556046099518 -0.754982460884
3.269713710429 -0.476460427640 -0.702879871662
3.068761702296 -0.415018749808 -0.643808502406
2.862037192440 -0.365985658217 -0.581448270265
2.648732021638 -0.318864626066 -0.522115937079
2.429778428037 -0.259905404684 -0.472595099458
2.207596633123 -0.177201651683 -0.436646798700
1.985511861438 -0.067354967053 -0.412160017603
1.766702432864 0.060934736817 -0.391672617236
1.553203060829 0.189640761787 -0.366817527472
1.346150890724 0.296764855341 -0.333004676006
1.147488769949 0.358619230516 -0.290607917812
0.961137826918 0.354293014908 -0.242907933461
0.790145339499 0.283631398412 -0.192748288263
0.631039598279 0.181407065715 -0.140304120938
0.475010645336 0.091727208469 -0.084383295776
0.315499511221 0.033725012877 -0.024900700598
0.150965028134 0.003194682113 0.036950514353
-0.017354738553 -0.010690714908 0.099746465732
-0.187459314383 -0.016344206792 0.163014974252
-0.354570711373 -0.018330258586 0.230650007456
-0.492717735418 -0.035294979771 0.314226498421
-0.556926991121 -0.131749403459 0.398744157031
-0.592769482840 -0.298568698821 0.442601043479
-0.649548942549 -0.468905513907 0.459122595673
-0.722581495876 -0.628964127611 0.467794942423
-0.803917912792 -0.781407982230 0.474799163953
-0.891679068944 -0.926397942749 0.481925046572
