3.955467406260 -1.203595138285 -0.742666716288
4.164342657938 -1.274845474271 -0.780203238999
4.372669900810 -1.344334045502 -0.817892336688
4.582049209140 -1.414331963986 -0.861395453989
4.800592933157 -1.492614240359 -0.904963364177
5.026096524921 -1.573757098803 -0.934790869931
5.255932118742 -1.656310153833 -0.954575398306
5.487112076370 -1.745379070482 -0.977727680758
5.712725732217 -1.838415936296 -1.016362808373
5.935197249188 -1.931307983714 -1.061089919449
6.157117417860 -2.024418659066 -1.106908566615
6.378966722392 -2.118052932278 -1.153184155574
6.600960617920 -2.212286111897 -1.199505248729
6.823379234831 -2.307261575771 -1.245019614676
7.046522334250 -2.403332869672 -1.288123133297
7.270515388333 -2.501195386869 -1.326253568253
7.494980753089 -2.601906781029 -1.356202256308
7.718774108353 -2.706599853193 -1.375411878821
7.940192337012 -2.815872625112 -1.383925772099
8.157793003712 -2.929288435481 -1.385401435694
8.371229546938 -3.045415558049 -1.386188458026
8.581236186632 -3.161991842227 -1.394161667780
8.788200343764 -3.275611758795 -1.419065705820
8.989657634463 -3.382726109699 -1.469617311468
9.180935923074 -3.484730376388 -1.541003775930
9.361349837891 -3.589798336065 -1.611818907406
9.535057576565 -3.705569188895 -1.662317073023
9.705088979701 -3.834758209207 -1.681594797785
9.869856835073 -3.973810820901 -1.665234449361
10.023932997088 -4.108978320255 -1.627584358504
10.164491326028 -4.224291101140 -1.606878268277
10.295888269445 -4.321908912824 -1.624890847395
10.424030551152 -4.418029015308 -1.667802704370
10.551888702021 -4.530018897432 -1.712947608142
10.676496359998 -4.674226180198 -1.739854659774
10.787836743018 -4.846501862506 -1.736119101816
10.882696183369 -5.012608277216 -1.712961366622
10.963149960884 -5.058942451351 -1.727492820918
11.040775873838 -5.140240571994 -1.750895678996
11.140402010594 -5.376917873131 -1.674749965793
