10.096370 -2.532470 -2.034590
10.144250 -2.465450 -1.938850
10.201690 -2.513320 -1.958000
10.163400 -2.666510 -2.072890
10.144250 -2.599490 -1.958000
10.259140 -2.551620 -1.814380
10.201690 -2.551620 -1.785660
10.115520 -2.570770 -1.737780
10.125100 -2.647370 -1.517570
10.201690 -2.695240 -1.431400
10.220840 -2.819710 -1.479270
10.182540 -2.666510 -1.488840
10.220840 -2.427150 -1.402670
10.307010 -2.810130 -1.383520
10.211270 -3.269710 -1.507990
10.125100 -3.183540 -1.402670
10.239990 -2.819710 -1.057990
10.354890 -2.838860 -0.990970
10.421910 -3.020770 -1.239910
10.431480 -3.212260 -1.402670
10.536800 -3.288860 -1.249480
10.517650 -2.953750 -1.000540
10.488930 -2.781410 -0.751600
10.431480 -3.442050 -0.933520
10.105950 -4.016530 -1.421820
10.067650 -4.265470 -1.335650
10.364460 -4.255890 -1.048410
10.460210 -3.853760 -0.981390
10.498510 -4.054830 -1.077140
10.249570 -4.725050 -1.345230
10.058080 -4.916540 -1.565440
10.239990 -4.849520 -1.421820
10.460210 -4.906960 -1.115440
10.374040 -5.213350 -0.933520
10.029350 -5.079300 -1.172880
10.172970 -5.108030 -1.220760
10.412330 -5.337820 -1.297350
10.431480 -5.452710 -1.239910
10.316590 -5.672930 -1.249480
10.239990 -5.998460 -1.431400
10.153820 -5.931440 -1.440970
10.287870 -5.586760 -1.019690
10.374040 -5.558030 -0.885650
10.239990 -5.538880 -1.086710
10.211270 -5.644200 -1.297350
10.211270 -5.787820 -1.211180
10.077230 -5.548460 -1.105860
10.077230 -5.299520 -0.885650
10.192120 -5.213350 -0.761180
10.182540 -5.376120 -0.665430
9.761260 -5.988890 -0.684580
9.225090 -6.687830 -0.703730
9.378280 -6.706980 -0.550540
9.349560 -6.525060 -0.406920
9.282540 -6.563360 -0.263300
9.100620 -7.022940 -0.550540
8.861260 -7.559120 -0.866500
8.602740 -7.587840 -0.904800
8.593170 -7.348470 -0.560110
8.717640 -7.300600 -0.320750
8.459130 -7.559120 -0.540960
8.152740 -7.808050 -0.876070
8.028270 -7.760180 -1.086710
8.143160 -7.922950 -0.732450
7.721880 -8.133590 -0.454790
7.262300 -8.459130 -0.560110
7.243150 -8.401680 -0.828200
7.281450 -8.305930 -1.038840
7.166560 -8.574020 -0.933520
6.812300 -8.727210 -0.809050
6.592080 -8.631470 -0.914370
6.572940 -8.468700 -1.086710
6.458040 -8.468700 -1.096290
6.218680 -8.507000 -1.048410
5.845270 -8.430400 -0.828200
5.519730 -8.621890 -0.943090
5.395260 -9.071900 -1.086710
5.328240 -8.957000 -0.971820
5.088880 -8.669760 -0.780330
4.696320 -8.909130 -1.077140
4.303770 -9.407000 -1.364370
4.265470 -9.857010 -1.192030
4.418660 -9.531480 -0.923950
4.208020 -8.870830 -0.675010
3.844190 -8.765510 -0.636710
3.413330 -8.966580 -0.675010
3.365460 -9.062320 -0.742030
3.298440 -8.554870 -0.742030
2.838860 -7.989970 -0.560110
2.570770 -8.420830 -0.579260
2.628220 -8.727210 -0.588840
2.465450 -8.267630 -0.550540
2.101620 -8.085720 -0.435640
1.584590 -8.248480 -0.521810
1.440970 -8.641040 -0.627130
1.594160 -8.478270 -0.540960
1.316500 -7.970820 -0.598410
1.010120 -8.210190 -0.464370
0.933520 -8.688910 -0.368620
0.818620 -9.014450 -0.598410
0.540960 -8.803810 -0.789900
0.311170 -8.641040 -0.809050
0.244150 -9.311260 -0.713300
0.215430 -10.239990 -0.885650
