9.971900 -2.704810 -2.388850
9.770840 -2.790980 -2.484600
9.847440 -2.858010 -2.503750
9.924030 -2.819710 -2.379280
9.914460 -2.723960 -2.273960
9.943180 -2.953750 -2.465450
9.904880 -3.154820 -2.570770
9.837860 -3.030350 -2.427150
9.895310 -2.656940 -2.130340
10.029350 -2.494170 -2.226090
9.924030 -2.714390 -2.455870
9.789990 -3.260140 -2.695240
9.761260 -3.528230 -2.618640
10.048500 -3.135670 -2.388850
10.201690 -2.599490 -2.446300
10.163400 -2.628220 -2.465450
10.029350 -3.078220 -2.446300
9.971900 -3.106940 -2.331410
10.010200 -2.944180 -2.408000
10.010200 -3.087800 -2.609070
9.933610 -3.173970 -2.896300
9.962330 -2.972900 -2.867580
10.086800 -2.685660 -2.503750
10.077230 -2.589920 -2.455870
9.943180 -2.905880 -2.656940
9.847440 -3.135670 -2.666510
9.981480 -3.030350 -2.446300
10.192120 -2.790980 -2.379280
10.163400 -2.944180 -2.446300
10.058080 -3.375030 -2.302680
10.086800 -3.777160 -2.139910
10.000630 -3.959080 -1.958000
9.799560 -3.719720 -1.756930
9.809140 -3.623970 -1.766510
10.096370 -4.227170 -1.833530
10.239990 -5.079300 -1.306930
10.077230 -5.136750 -1.259050
10.058080 -4.935690 -1.642040
10.192120 -4.993130 -1.958000
10.230420 -5.558030 -1.881400
10.125100 -5.931440 -1.622890
10.105950 -5.778250 -1.536720
10.211270 -5.423990 -1.670760
10.220840 -5.538880 -1.871830
10.010200 -6.046330 -1.910120
9.847440 -6.438890 -1.977150
9.962330 -6.429320 -2.149490
10.172970 -5.921870 -2.111190
10.498510 -5.529310 -1.833530
10.517650 -5.701650 -1.843100
10.172970 -6.362300 -1.967570
10.019780 -7.099540 -2.139910
10.278290 -7.559120 -2.063320
10.575100 -7.712310 -2.063320
10.230420 -7.109110 -2.082470
9.569770 -6.726130 -2.168640
9.215510 -7.453800 -2.379280
9.215510 -8.641040 -2.733540
9.512330 -9.847440 -3.212260
9.234660 -9.694240 -4.150570
8.746360 -8.813380 -4.208020
8.947430 -8.056990 -3.126090
9.349560 -7.530390 -2.427150
9.100620 -7.463370 -2.628220
8.449550 -7.913370 -3.336730
7.788900 -8.487850 -4.093120
7.425070 -9.119770 -4.188870
7.338900 -9.091040 -3.480350
7.243150 -8.277210 -2.771840
7.003790 -7.578260 -2.293110
6.687830 -7.492090 -2.101620
6.256970 -7.741030 -2.561200
5.711230 -8.200610 -3.317590
5.242070 -8.918700 -3.489930
5.021860 -9.397430 -3.451630
4.753770 -8.985730 -3.317590
4.409090 -8.669760 -3.135670
4.073980 -8.775080 -3.116520
3.681420 -8.775080 -3.384610
3.308010 -8.803810 -3.279290
3.039920 -8.775080 -2.953750
2.704810 -8.755940 -2.877160
2.379280 -8.995300 -3.489930
2.063320 -9.062320 -4.006950
1.804800 -8.794230 -3.413330
1.345230 -8.545290 -2.848430
0.665430 -8.487850 -2.599490
0.033510 -7.989970 -1.900550
-0.167550 -7.568690 -1.326080
-0.090960 -7.329330 -1.297350
-0.215430 -7.233580 -1.584590
-0.799480 -7.310180 -1.823950
-1.642040 -7.195280 -2.120770
-2.101620 -7.109110 -2.503750
-2.187790 -6.994220 -2.532470
-2.072890 -6.371870 -1.756930
-2.254810 -6.142080 -1.718630
-2.637790 -6.084630 -1.766510
-2.953750 -5.816550 -1.804800
-3.154820 -5.749520 -1.622890
-3.221840 -5.845270 -1.699480
-3.365460 -5.902720 -1.756930
-3.537800 -5.998460 -1.804800
-3.748440 -5.988890 -1.728210
