9.971900 -2.953750 -2.235660
10.058080 -3.126090 -2.245230
10.058080 -3.212260 -2.283530
10.077230 -3.202690 -2.455870
10.096370 -3.164390 -2.494170
10.105950 -3.145240 -2.417580
9.981480 -3.145240 -2.408000
9.799560 -3.039920 -2.340980
9.722970 -2.829280 -2.206940
9.751690 -2.618640 -1.996300
9.780410 -2.599490 -2.178210
9.818710 -2.743110 -2.245230
9.876160 -2.599490 -2.216510
9.952760 -2.312260 -2.111190
10.134670 -2.532470 -2.111190
9.933610 -2.666510 -2.398430
10.067650 -2.733540 -2.408000
10.134670 -2.656940 -2.293110
10.230420 -2.637790 -2.283530
10.211270 -2.752690 -2.331410
10.058080 -2.829280 -2.264380
9.991050 -2.886730 -2.072890
10.096370 -3.011200 -2.005870
10.115520 -2.723960 -2.053740
10.010200 -2.388850 -1.948420
10.000630 -2.829280 -1.948420
9.952760 -3.681420 -2.025020
9.904880 -3.844190 -1.737780
9.952760 -3.059070 -1.431400
10.048500 -2.676090 -1.412250
10.086800 -3.690990 -1.766510
9.952760 -4.811220 -1.958000
9.933610 -5.136750 -1.718630
10.010200 -4.677170 -1.287780
10.038930 -4.581430 -1.000540
9.895310 -5.222920 -1.259050
9.885730 -5.931440 -1.699480
10.144250 -6.515490 -1.297350
10.488930 -6.438890 -0.837770
10.316590 -6.189950 -0.493090
10.364460 -6.936770 -0.550540
10.584680 -7.855930 -1.192030
10.699570 -8.018690 -1.565440
10.852760 -7.568690 -1.297350
10.881490 -7.118690 -1.086710
11.379360 -7.587840 -0.885650
12.202780 -8.641040 -0.215430
11.819790 -8.372950 0.464370
10.977230 -7.501670 0.272870
10.900640 -7.568690 -0.320750
11.178300 -8.641040 -0.627130
11.025110 -9.761260 -0.971820
10.919790 -10.010200 -1.354800
11.417660 -9.349560 -1.345230
11.781500 -8.305930 -1.134590
11.398510 -8.056990 -0.914370
10.910210 -8.688910 -1.038840
10.642120 -9.301690 -1.393100
10.278290 -9.043170 -1.326080
10.307010 -8.459130 -0.856920
10.220840 -7.855930 -0.789900
9.636790 -7.358050 -1.038840
9.052750 -7.894220 -1.345230
8.439980 -8.516570 -1.852680
7.970820 -8.028270 -2.139910
7.980400 -7.128260 -1.364370
7.999550 -6.304850 -0.770750
7.204860 -5.778250 -0.809050
6.525060 -6.180380 -1.211180
6.055910 -6.448470 -1.651610
5.519730 -5.787820 -1.699480
4.964410 -5.021860 -1.632460
4.495260 -4.686750 -1.373950
4.179300 -4.677170 -1.048410
3.834610 -4.983560 -0.962240
3.059070 -5.069730 -1.268630
2.398430 -5.366540 -1.153730
2.360130 -6.027190 -0.732450
2.312260 -5.960160 -0.694160
1.804800 -5.998460 -0.789900
1.622890 -6.898470 -0.761180
1.632460 -7.664440 -0.799480
1.546290 -7.530390 -1.086710
1.019690 -7.099540 -1.201610
0.923950 -7.626140 -0.847350
1.297350 -8.363380 -0.694160
1.220760 -8.382530 -0.684580
0.990970 -8.248480 -0.742030
0.866500 -8.420830 -0.895220
0.962240 -8.669760 -0.761180
1.010120 -8.650620 -0.435640
0.885650 -8.621890 -0.234580
0.713300 -8.679340 -0.205850
0.742030 -8.966580 -0.282450
0.828200 -9.186790 -0.349470
0.809050 -9.196370 -0.234580
0.675010 -9.282540 -0.225000
0.560110 -9.474030 -0.416490
0.627130 -9.541050 -0.502660
0.847350 -9.579350 -0.445220
0.828200 -9.541050 -0.378200
0.675010 -9.541050 -0.311170
0.703730 -9.627220 -0.426070
0.847350 -9.694240 -0.540960
