10.326160 -2.542050 -1.546290
10.374040 -2.216510 -1.335650
10.354890 -2.187790 -1.239910
10.374040 -2.551620 -1.412250
10.345310 -2.819710 -1.584590
10.297440 -2.561200 -1.527140
10.326160 -2.226090 -1.306930
10.345310 -2.446300 -1.373950
10.259140 -2.771840 -1.699480
10.201690 -2.752690 -1.642040
10.278290 -2.446300 -1.469690
10.297440 -2.312260 -1.306930
10.239990 -2.475020 -1.469690
10.220840 -2.618640 -1.555870
10.326160 -2.656940 -1.517570
10.412330 -2.340980 -1.469690
10.374040 -1.900550 -1.373950
10.335740 -2.159060 -1.364370
10.239990 -2.762260 -1.527140
10.038930 -3.030350 -1.766510
10.134670 -2.666510 -1.680340
10.326160 -2.111190 -1.373950
10.249570 -2.513320 -1.460120
10.096370 -3.030350 -1.699480
10.077230 -2.992050 -1.613310
10.153820 -2.666510 -1.335650
10.230420 -2.398430 -1.163310
10.201690 -2.743110 -1.211180
10.153820 -3.260140 -1.364370
10.105950 -3.518650 -1.421820
10.220840 -3.384610 -1.239910
10.278290 -3.327160 -0.780330
10.125100 -3.777160 -0.828200
10.077230 -4.083550 -1.096290
10.297440 -4.275040 -0.971820
10.594250 -4.763340 -0.636710
10.536800 -5.079300 -0.215430
10.402760 -5.414410 -0.607980
10.307010 -5.558030 -0.856920
10.364460 -5.835700 -0.713300
10.326160 -5.845270 -0.655860
10.393190 -5.816550 -0.311170
10.613400 -6.256970 -0.473940
10.555950 -6.438890 -0.751600
10.441060 -6.218680 -0.732450
10.546380 -5.950590 -0.445220
10.699570 -5.883570 -0.588840
10.824040 -6.295270 -0.876070
10.785740 -6.793150 -1.115440
10.603830 -6.716550 -0.981390
10.603830 -6.352720 -0.569690
10.852760 -6.122930 -0.406920
10.824040 -6.620810 -0.789900
10.374040 -7.425070 -1.163310
10.182540 -7.606990 -1.249480
10.297440 -6.869750 -0.866500
10.546380 -6.247400 -0.330320
10.383610 -6.256970 -0.253730
9.924030 -6.831450 -0.627130
9.655940 -7.587840 -1.201610
9.502750 -6.927190 -0.655860
9.186790 -7.032510 -0.617560
8.755940 -7.712310 -1.086710
8.612320 -8.085720 -1.259050
8.708060 -7.578260 -1.029270
8.688910 -6.592080 -0.742030
8.401680 -6.611230 -0.445220
7.808050 -7.769760 -0.713300
7.281450 -8.688910 -1.125010
6.879320 -8.736790 -1.268630
6.783580 -8.449550 -1.019690
6.793150 -8.238910 -0.789900
6.620810 -8.439980 -0.665430
6.218680 -8.439980 -1.000540
5.921870 -8.650620 -1.230330
5.816550 -8.736790 -1.354800
5.500590 -8.602740 -1.373950
5.021860 -8.641040 -1.326080
4.801640 -8.583590 -1.354800
4.744190 -8.028270 -1.249480
4.485680 -7.367620 -0.818620
4.064400 -7.539970 -0.713300
3.786740 -8.095290 -0.981390
3.480350 -8.066570 -1.220760
3.269710 -7.932520 -1.239910
2.819710 -7.779330 -1.364370
2.254810 -7.635710 -1.259050
2.206940 -7.597410 -0.876070
2.273960 -7.482520 -0.876070
1.919700 -7.463370 -1.038840
1.450550 -7.683580 -1.230330
1.201610 -8.229340 -1.642040
1.125010 -8.631470 -1.823950
1.172880 -8.535720 -1.594160
1.201610 -7.999550 -1.067560
1.105860 -7.855930 -0.732450
0.809050 -8.124010 -0.962240
0.598410 -8.842110 -1.651610
0.540960 -9.292110 -1.871830
0.493090 -9.062320 -1.546290
0.368620 -8.535720 -0.933520
0.368620 -7.970820 -0.617560
0.397340 -7.674010 -0.713300
0.215430 -7.875080 -0.799480
