10.134670 -3.279290 -1.977150
10.220840 -3.183540 -1.919700
10.230420 -2.934600 -1.766510
10.201690 -2.953750 -1.632460
10.077230 -3.116520 -1.699480
10.077230 -3.068650 -1.728210
10.125100 -2.944180 -1.661190
10.230420 -2.934600 -1.603740
10.192120 -3.039920 -1.833530
10.134670 -2.963330 -1.996300
10.125100 -2.570770 -1.804800
10.192120 -2.522900 -1.785660
10.134670 -2.771840 -1.977150
10.048500 -2.867580 -2.120770
10.096370 -2.656940 -2.092040
10.077230 -2.369700 -1.977150
9.991050 -2.484600 -1.996300
9.914460 -2.666510 -2.044170
9.962330 -2.618640 -1.871830
10.125100 -2.408000 -1.747360
10.144250 -2.283530 -1.766510
10.105950 -2.647370 -1.977150
10.239990 -3.001620 -2.168640
10.134670 -2.752690 -1.967570
10.211270 -2.733540 -1.756930
10.345310 -2.561200 -1.584590
10.287870 -2.513320 -1.709060
10.230420 -2.877160 -1.823950
10.182540 -3.308010 -1.661190
10.048500 -3.317590 -1.594160
9.991050 -3.039920 -1.709060
10.172970 -3.375030 -1.737780
10.268720 -3.959080 -1.603740
10.115520 -4.236740 -1.144160
9.991050 -4.275040 -0.971820
10.153820 -4.332490 -1.220760
10.441060 -4.533550 -1.048410
10.393190 -5.318670 -0.703730
10.287870 -6.247400 -0.703730
10.402760 -6.534640 -0.789900
10.690000 -6.381440 -0.732450
10.709150 -6.362300 -0.435640
10.651700 -6.678260 -0.493090
10.843190 -7.013370 -0.789900
10.977230 -7.185710 -0.866500
10.891060 -7.032510 -0.493090
11.015530 -6.927190 -0.234580
11.120850 -6.764430 -0.464370
10.929360 -7.156980 -1.345230
10.852760 -8.372950 -1.565440
11.111280 -8.650620 -1.182460
11.350640 -7.291030 -0.751600
11.388940 -6.027190 -0.167550
11.149580 -6.247400 0.062230
10.833610 -7.482520 -0.512240
10.584680 -8.392100 -1.632460
10.479360 -8.535720 -1.718630
10.565530 -8.162310 -1.153730
10.488930 -7.444220 -1.019690
10.297440 -7.300600 -1.038840
9.895310 -8.056990 -0.923950
9.445300 -8.459130 -0.856920
9.234660 -8.028270 -0.761180
8.947430 -7.530390 -0.780330
8.507000 -8.047420 -1.000540
8.171890 -9.024020 -1.479270
8.229340 -9.531480 -1.507990
7.951670 -8.765510 -1.507990
7.425070 -7.961250 -1.268630
7.070810 -7.913370 -1.029270
7.042090 -7.989970 -0.856920
6.869750 -7.501670 -0.962240
6.218680 -7.128260 -1.057990
5.529310 -7.559120 -1.278200
5.165480 -7.894220 -1.488840
4.983560 -7.559120 -1.584590
4.638870 -7.061240 -1.373950
4.169720 -7.003790 -0.962240
3.643120 -7.166560 -1.134590
3.317590 -7.070810 -1.440970
3.260140 -6.869750 -1.450550
3.059070 -6.630380 -1.345230
2.666510 -6.553790 -1.201610
2.293110 -6.668680 -1.153730
1.910120 -6.687830 -1.239910
1.594160 -6.754850 -1.230330
1.488840 -6.888900 -0.971820
1.498420 -6.869750 -0.923950
1.259050 -6.697400 -0.962240
1.067560 -6.975070 -0.962240
0.780330 -7.310180 -1.029270
0.445220 -7.635710 -1.067560
0.454790 -7.961250 -0.923950
0.818620 -8.037840 -0.933520
0.847350 -7.942100 -0.933520
0.426070 -8.296360 -0.665430
-0.052660 -9.014450 -0.742030
-0.129260 -9.569770 -0.981390
0.234580 -9.828290 -1.000540
0.311170 -9.694240 -0.923950
0.129260 -9.339980 -0.703730
0.043090 -9.301690 -0.387770
0.023940 -9.684670 -0.550540
-0.071810 -10.125100 -0.933520
