10.259140 -2.972900 -1.910120
10.163400 -2.790980 -1.843100
10.182540 -2.360130 -1.718630
10.201690 -2.771840 -1.737780
10.058080 -3.336730 -1.910120
10.019780 -3.260140 -1.938850
10.144250 -2.800560 -1.718630
10.268720 -2.714390 -1.507990
10.201690 -2.944180 -1.584590
10.058080 -3.106940 -1.804800
10.096370 -2.992050 -1.795230
10.201690 -2.905880 -1.709060
10.201690 -2.944180 -1.689910
10.144250 -2.972900 -1.622890
10.086800 -2.925030 -1.603740
10.077230 -3.087800 -1.536720
10.010200 -3.221840 -1.421820
10.019780 -3.154820 -1.239910
10.067650 -3.250560 -1.239910
10.077230 -3.432480 -1.326080
10.077230 -3.671840 -1.488840
10.163400 -3.585670 -1.460120
10.287870 -3.269710 -1.211180
10.278290 -3.260140 -1.125010
10.172970 -3.786740 -1.373950
10.144250 -4.217590 -1.709060
10.125100 -4.083550 -1.804800
10.230420 -3.834610 -1.546290
10.326160 -3.767590 -1.421820
10.230420 -4.045250 -1.584590
10.268720 -4.571850 -1.689910
10.259140 -4.667600 -1.718630
10.172970 -4.236740 -1.498420
10.230420 -4.121850 -1.278200
10.278290 -4.389940 -1.211180
10.172970 -4.792070 -1.460120
9.991050 -5.184620 -1.689910
10.010200 -5.558030 -1.689910
10.144250 -5.663350 -1.632460
10.105950 -5.155900 -1.498420
10.134670 -4.878240 -1.172880
10.058080 -5.251650 -0.895220
10.000630 -5.969740 -0.943090
9.933610 -6.256970 -1.172880
10.086800 -6.295270 -1.201610
10.038930 -6.103780 -1.067560
9.914460 -6.065480 -0.837770
10.077230 -6.266550 -0.761180
10.192120 -6.400590 -0.703730
9.962330 -6.410170 -0.914370
9.665520 -6.544210 -1.077140
9.531480 -6.831450 -1.172880
9.521900 -7.262300 -1.115440
9.569770 -7.578260 -0.962240
9.493180 -7.166560 -1.000540
9.483600 -6.841020 -0.809050
9.483600 -7.042090 -0.598410
8.813380 -8.171890 -1.096290
8.870830 -8.507000 -1.105860
9.004870 -7.932520 -0.866500
8.918700 -7.702730 -0.617560
8.545290 -8.296360 -1.010120
8.286780 -8.717640 -1.393100
8.392100 -8.449550 -1.287780
8.305930 -8.229340 -0.799480
7.884650 -8.325080 -0.675010
7.616560 -8.363380 -0.952670
7.731460 -8.258060 -1.249480
7.760180 -8.545290 -1.192030
7.358050 -9.052750 -1.125010
6.793150 -9.474030 -0.962240
6.458040 -9.454880 -0.751600
6.285700 -9.138920 -0.598410
6.189950 -8.861260 -0.512240
5.988890 -8.765510 -0.895220
5.711230 -8.947430 -1.048410
5.443140 -9.397430 -0.952670
5.251650 -9.397430 -0.914370
4.801640 -8.832530 -0.923950
4.370790 -9.062320 -0.876070
4.284620 -9.694240 -0.904800
4.428230 -9.349560 -0.742030
4.102700 -8.487850 -0.560110
3.566520 -8.487850 -0.540960
3.193120 -8.784660 -0.943090
2.992050 -8.880400 -1.105860
2.829280 -8.669760 -0.990970
2.599490 -8.133590 -0.493090
2.532470 -7.683580 0.119680
2.082470 -7.233580 0.081380
1.536720 -7.750610 -0.330320
1.144160 -8.507000 -0.914370
0.876070 -8.631470 -1.211180
0.809050 -7.922950 -1.278200
0.818620 -6.869750 -0.799480
0.694160 -6.122930 -0.292020
0.359050 -6.075060 -0.464370
0.023940 -6.649530 -0.665430
-0.244150 -6.936770 -0.655860
-0.435640 -6.687830 -0.426070
-0.531390 -6.525060 -0.253730
-0.646280 -6.687830 -0.244150
-0.579260 -7.022940 -0.292020
-0.742030 -7.137830 -0.292020
