-8.430400 1.958000 -1.958000
-8.497420 2.044170 -1.919700
-8.344230 2.015450 -1.747360
-8.296360 1.881400 -1.709060
-8.372950 1.718630 -1.575020
-8.487850 1.747360 -1.517570
-8.535720 1.795230 -1.498420
-8.478270 1.814380 -1.527140
-8.497420 1.862250 -1.737780
-8.574020 1.958000 -1.632460
-8.602740 2.149490 -1.460120
-8.593170 2.178210 -1.402670
-8.545290 1.938850 -1.632460
-8.545290 1.661190 -1.632460
-8.554870 1.728210 -1.469690
-8.583590 1.986720 -1.450550
-8.535720 1.900550 -1.373950
-8.497420 1.785660 -1.603740
-8.487850 1.823950 -1.469690
-8.420830 1.919700 -1.460120
-8.526150 1.948420 -1.689910
-8.516570 1.890980 -1.718630
-8.468700 2.005870 -1.546290
-8.516570 2.264380 -1.517570
-8.535720 2.350550 -1.594160
-8.602740 1.766510 -2.025020
-8.717640 1.498420 -2.254810
-8.755940 1.785660 -2.331410
-8.765510 1.699480 -2.475020
-8.870830 1.450550 -2.714390
-8.957000 1.373950 -2.676090
-8.937850 1.460120 -2.704810
-8.909130 1.421820 -2.723960
-9.110190 1.785660 -2.972900
-9.234660 1.776080 -3.250560
-9.282540 1.948420 -3.633550
-9.282540 1.986720 -3.556950
-9.550620 2.025020 -3.652690
-9.971900 1.670760 -3.690990
-10.058080 1.306930 -3.183540
-10.249570 1.718630 -3.240990
-9.732540 1.862250 -4.370790
-9.196370 2.321830 -5.146330
-8.411250 1.230330 -4.887810
-9.799560 1.747360 -8.889980
-8.564440 2.494170 -9.684670
-8.478270 4.811220 -9.033600
-8.344230 3.403760 -8.765510
-8.372950 1.249480 -8.947430
-7.999550 0.971820 -9.550620
-7.635710 2.762260 -10.891060
-7.252730 4.227170 -11.503840
-7.051660 2.982480 -11.819790
-6.601660 1.881400 -12.049580
-6.199530 2.111190 -11.570860
-6.055910 3.145240 -11.226170
-5.462290 2.838860 -11.676180
-5.031430 2.704810 -12.231500
-4.342060 2.580340 -11.781500
-3.250560 2.063320 -11.207020
-2.896300 2.992050 -11.245320
-2.293110 3.442050 -10.881490
-1.134590 2.159060 -9.924030
0.349470 0.809050 -9.349560
1.192030 0.253730 -8.267630
2.139910 -0.301600 -6.812300
2.810130 0.445220 -6.314420
3.327160 0.971820 -4.906960
4.054830 0.062230 -2.656940
4.763340 -1.345230 -1.575020
4.342060 -1.555870 -2.398430
3.432480 -1.613310 -2.800560
3.059070 -1.613310 -1.373950
3.556950 -0.301600 0.617560
3.710140 1.287780 2.417580
3.298440 0.014360 3.030350
2.915450 -1.776080 2.331410
2.762260 -1.776080 1.728210
2.618640 0.780330 4.294190
3.221840 1.230330 7.463370
4.121850 0.397340 8.468700
5.261220 -1.172880 7.396350
6.094210 -4.514410 5.883570
5.203770 -2.388850 8.162310
5.309090 1.852680 12.853850
6.247400 5.931440 14.452800
7.185710 2.944180 11.551710
5.711230 -3.623970 9.751690
4.399510 -2.455870 11.235750
5.873990 2.877160 13.658110
7.319750 6.869750 13.849600
7.932520 4.485680 12.346400
7.233580 -1.326080 10.153820
6.841020 -4.906960 9.186790
7.568690 -2.044170 10.824040
8.822960 2.714390 13.112360
8.851680 5.021860 14.098540
8.861260 2.580340 13.562360
9.244240 -0.962240 11.733620
10.067650 -2.149490 10.412330
9.330410 -1.440970 12.145330
8.631470 -0.282450 13.083640
8.650620 3.039920 13.418750
10.144250 4.236740 13.265550
11.905970 0.789900 10.833610
10.441060 -4.571850 8.621890
6.036760 -5.165480 7.674010
5.021860 -2.676090 8.909130
6.850600 4.380360 11.522980
9.799560 6.333570 13.351730
10.728290 2.733540 11.159150
9.272960 -2.044170 8.985730
7.099540 -1.929270 8.794230
7.721880 -0.359050 9.560200
9.043170 0.933520 9.205940
8.966580 1.297350 9.272960
8.334650 0.378200 9.071900
8.526150 -1.125010 8.171890
8.727210 -0.914370 7.721880
8.813380 -0.579260 7.511240
8.401680 -0.416490 7.405920
8.009120 -0.521810 7.224010
8.191040 -0.588840 6.706980
8.372950 -0.789900 6.429320
7.970820 -0.914370 6.189950
7.549540 -0.397340 6.544210
7.894220 0.014360 6.659110
8.267630 0.138830 6.438890
8.191040 -0.569690 6.046330
7.808050 -1.115440 5.778250
7.195280 -0.205850 6.362300
7.281450 0.828200 7.032510
7.683580 0.952670 6.841020
7.894220 0.062230 6.371870
7.989970 -1.048410 6.036760
7.788900 -1.029270 6.142080
7.855930 -0.359050 6.668680
8.114440 0.512240 7.080390
8.334650 0.282450 6.975070
