-7.942100 2.704810 -2.743110
-7.865500 3.059070 -2.522900
-7.788900 3.250560 -2.417580
-7.827200 3.308010 -2.331410
-7.817630 3.221840 -2.283530
-7.788900 3.269710 -2.283530
-7.750610 3.413330 -2.168640
-7.788900 3.413330 -1.900550
-7.855930 3.547370 -1.900550
-7.894220 3.662270 -2.053740
-7.875080 3.528230 -2.360130
-7.980400 3.355880 -2.388850
-8.028270 3.461200 -2.226090
-8.066570 3.365460 -2.101620
-8.037840 3.298440 -2.025020
-8.028270 3.451630 -2.149490
-8.076140 3.250560 -2.408000
-8.056990 3.059070 -2.647370
-7.980400 3.269710 -2.551620
-7.884650 3.288860 -2.340980
-7.999550 3.375030 -2.312260
-7.989970 3.394180 -2.331410
-7.913370 3.164390 -2.283530
-7.884650 3.183540 -2.388850
-7.903800 3.250560 -2.388850
-7.961250 3.260140 -2.360130
-8.009120 3.116520 -2.408000
-8.056990 3.135670 -2.637790
-8.037840 3.106940 -2.618640
-8.095290 3.001620 -2.398430
-8.114440 3.202690 -2.436730
-8.133590 3.327160 -2.427150
-8.143160 3.154820 -2.465450
-8.171890 2.829280 -2.771840
-8.219760 2.733540 -2.886730
-8.200610 2.790980 -2.704810
-8.286780 2.944180 -2.570770
-8.507000 3.020770 -2.398430
-8.650620 3.413330 -2.570770
-8.679340 3.442050 -2.905880
-8.784660 3.030350 -2.877160
-9.043170 2.810130 -1.986720
-9.837860 2.963330 -1.910120
-9.904880 3.087800 -3.078220
-10.259140 4.112270 -2.034590
-10.374040 3.978230 -3.585670
-11.072980 3.269710 -4.351640
-10.000630 4.026100 -6.821870
-10.029350 3.968660 -8.602740
-10.307010 1.776080 -9.024020
-10.728290 1.747360 -9.407000
-10.268720 2.130340 -10.919790
-9.924030 1.843100 -12.499590
-9.521900 1.335650 -13.734710
-9.110190 1.115440 -13.859180
-8.507000 1.019690 -13.313430
-7.683580 1.287780 -13.054910
-6.419740 1.785660 -13.016610
-5.117600 1.948420 -12.566610
-3.518650 2.120770 -11.551710
-1.747360 2.025020 -10.249570
-0.732450 1.670760 -10.115520
-0.464370 1.776080 -10.010200
0.378200 2.465450 -8.660190
4.121850 -0.225000 -4.935690
5.491010 -2.187790 -5.165480
6.438890 -2.848430 -4.897390
6.975070 -1.843100 -3.413330
7.951670 -1.354800 -1.747360
8.631470 -1.460120 -0.263300
8.985730 -0.971820 0.962240
9.138920 -1.019690 1.852680
8.861260 -2.072890 2.465450
8.114440 -2.494170 2.436730
7.224010 -1.613310 3.442050
6.841020 -0.301600 5.854840
6.965490 0.876070 8.162310
6.936770 1.431400 8.497420
6.534640 0.157980 6.553790
6.448470 -2.838860 5.883570
5.893140 -1.163310 9.665520
6.008040 3.116520 13.246400
6.726130 6.659110 13.457050
8.487850 5.883570 10.546380
9.866590 -2.063320 7.281450
9.052750 -6.649530 7.348470
9.588920 -2.867580 11.044250
11.762350 2.915450 14.108110
13.131510 4.514410 13.476190
13.562360 1.488840 12.107030
13.246400 -2.293110 12.566610
12.834700 -1.201610 15.218760
13.150660 3.729290 16.693250
13.811300 4.418660 15.429400
13.332580 1.996300 14.002790
12.250650 -1.383520 13.035760
11.858090 2.723960 14.069820
12.116610 4.332490 13.744280
11.350640 3.164390 12.308100
10.287870 0.512240 10.833610
9.359130 -0.933520 9.368710
9.234660 -0.617560 8.315510
9.608070 0.167550 8.478270
9.933610 0.540960 8.861260
10.077230 0.464370 8.708060
10.019780 0.646280 8.574020
9.646370 1.125010 8.526150
9.397430 0.560110 7.970820
9.493180 -0.292020 7.338900
9.512330 -0.426070 6.783580
9.426150 0.023940 6.659110
9.320830 0.895220 6.927190
9.378280 0.675010 6.534640
9.464450 -0.167550 6.036760
9.521900 -0.828200 5.644200
9.416580 -0.847350 5.414410
9.167640 -0.378200 5.376120
9.148490 0.129260 5.423990
9.454880 0.253730 5.471860
9.569770 -0.301600 5.079300
9.330410 -0.856920 4.658020
8.832530 -0.579260 4.753770
8.889980 0.129260 5.184620
9.196370 0.569690 5.280370
9.301690 0.387770 5.165480
9.244240 -0.292020 4.964410
9.110190 -0.789900 4.811220
8.937850 -0.636710 4.868660
9.071900 0.090960 5.165480
9.339980 0.167550 5.299520
9.292110 -0.081380 5.060160
9.119770 -0.684580 4.906960
9.062320 -0.751600 4.763340
9.234660 -0.579260 4.878240
9.359130 -0.359050 4.935690
9.272960 -0.397340 4.820790
8.880400 -0.665430 4.782490
8.688910 -0.789900 4.792070
8.755940 -0.177130 5.069730
