-8.305930 2.656940 -2.695240
-8.353800 2.733540 -2.494170
-8.248480 2.819710 -2.360130
-8.162310 2.858010 -2.427150
-8.133590 2.618640 -2.561200
-8.143160 2.350550 -2.637790
-8.133590 2.379280 -2.628220
-8.219760 2.235660 -2.676090
-8.200610 2.101620 -2.858010
-8.219760 2.369700 -2.781410
-8.267630 2.723960 -2.599490
-8.171890 2.676090 -2.589920
-8.181460 2.398430 -2.714390
-8.229340 2.273960 -2.781410
-8.143160 2.340980 -2.666510
-8.133590 2.599490 -2.561200
-8.095290 2.561200 -2.446300
-8.056990 2.312260 -2.494170
-8.056990 2.197360 -2.656940
-8.056990 2.216510 -2.609070
-8.047420 2.331410 -2.484600
-8.162310 2.599490 -2.436730
-8.171890 2.647370 -2.494170
-8.133590 2.532470 -2.542050
-8.248480 2.542050 -2.733540
-8.411250 2.723960 -2.676090
-8.487850 2.867580 -2.513320
-8.631470 2.925030 -2.877160
-8.650620 2.723960 -3.346310
-8.727210 2.628220 -3.068650
-9.311260 2.790980 -2.637790
-9.598500 3.183540 -2.388850
-9.636790 3.260140 -2.589920
-9.857010 2.915450 -3.547370
-10.278290 2.589920 -3.748440
-8.784660 2.503750 -2.178210
-10.115520 2.379280 -3.968660
-10.948510 1.986720 -5.510160
-9.560200 3.623970 -5.835700
-9.866590 5.309090 -5.816550
-10.067650 3.365460 -7.109110
-10.000630 1.096290 -7.769760
-10.125100 2.216510 -7.137830
-9.818710 3.049500 -7.032510
-9.943180 2.810130 -7.817630
-10.029350 2.101620 -8.708060
-9.675090 1.709060 -9.330410
-9.186790 1.431400 -9.474030
-9.052750 1.326080 -9.225090
-8.717640 1.048410 -9.464450
-8.277210 0.933520 -9.560200
-7.549540 1.402670 -9.569770
-6.659110 1.345230 -9.349560
-5.596330 2.522900 -9.177220
-5.309090 3.365460 -9.684670
-4.543130 3.738870 -9.608070
-3.595250 3.384610 -8.976150
-2.752690 2.867580 -8.162310
-1.938850 3.863340 -7.750610
-1.144160 4.179300 -7.501670
-0.703730 3.777160 -7.396350
0.560110 1.785660 -5.835700
1.718630 1.402670 -4.361210
2.570770 1.632460 -3.240990
3.078220 1.077140 -2.532470
3.365460 0.301600 -2.206940
3.710140 0.464370 -1.105860
3.643120 0.052660 0.138830
2.647370 -0.473940 -0.167550
1.584590 -0.837770 -0.081380
1.498420 -0.703730 0.789900
2.369700 -0.196280 1.958000
2.398430 -0.292020 2.877160
2.015450 -0.560110 2.848430
2.082470 -0.703730 3.729290
1.958000 -0.081380 5.337820
1.977150 -0.148410 6.572940
3.279290 -0.981390 6.256970
4.638870 -1.766510 6.802730
3.671840 -0.445220 8.621890
3.173970 -0.646280 9.416580
4.313340 -0.292020 9.234660
5.759100 -0.033510 10.249570
5.318670 0.071810 11.053830
4.447380 0.100530 11.005960
5.155900 -0.856920 9.770840
6.084630 -1.766510 10.402760
5.701650 0.627130 12.355970
6.103780 1.488840 12.940020
7.750610 1.067560 11.159150
9.655940 -1.737780 9.627220
8.937850 -2.503750 10.163400
8.822960 -2.522900 11.044250
10.239990 0.014360 12.786830
12.279370 3.298440 13.457050
13.840030 1.862250 13.275130
12.384690 -0.770750 12.432570
10.622970 -3.327160 10.910210
9.722970 -0.378200 12.403840
10.938940 5.969740 14.414500
12.250650 4.418660 13.849600
10.852760 0.320750 10.546380
9.770840 -3.633550 8.641040
9.062320 -3.279290 8.401680
9.004870 -2.197360 8.660190
8.928280 -0.885650 9.177220
9.474030 2.331410 10.776170
10.795320 2.618640 11.360220
11.053830 0.244150 10.019780
10.182540 -2.388850 9.110190
9.502750 -1.833530 8.765510
10.048500 -0.004790 8.985730
10.642120 -0.292020 8.258060
9.876160 -1.555870 7.453800
9.024020 -2.379280 7.156980
8.957000 -1.881400 6.410170
9.407000 0.560110 7.271880
10.172970 1.029270 7.750610
10.096370 -0.473940 6.659110
9.205940 -2.245230 4.897390
8.880400 -1.575020 4.973980
8.899550 -0.990970 4.973980
9.014450 -0.387770 5.021860
9.330410 -0.943090 4.792070
9.387860 -1.967570 4.217590
9.158070 -1.967570 3.997380
9.378280 -1.144160 4.658020
9.100620 -1.239910 4.792070
9.024020 -1.316500 4.964410
9.091040 -0.809050 4.878240
9.215510 -0.856920 4.801640
9.196370 -1.278200 4.715470
9.177220 -1.278200 4.753770
9.330410 -1.153730 5.041010
9.387860 -0.770750 5.117600
9.407000 -1.029270 4.964410
9.359130 -1.527140 4.878240
9.225090 -1.440970 4.945260
9.244240 -1.421820 5.021860
