10.29744,-1.61331,-3.32716
10.23999,-1.55587,-3.25056
10.23042,-1.28778,-3.23141
10.32616,-1.27820,-3.28886
10.33574,-1.43140,-3.32716
10.25914,-1.44097,-3.26014
10.26872,-1.38352,-3.16439
10.32616,-1.36437,-3.17397
10.34531,-1.31650,-3.21226
10.16340,-1.34523,-3.26014
10.02935,-1.52714,-3.33673
10.05808,-1.65161,-3.34631
10.29744,-1.40267,-3.26971
10.41233,-1.04841,-3.25056
10.35489,-1.19203,-3.30801
10.14425,-1.57502,-3.46120
10.08680,-1.71863,-3.46120
10.21127,-1.41225,-3.36546
10.33574,-1.10586,-3.26014
10.27829,-1.09629,-3.26971
10.19212,-1.50799,-3.43248
10.18254,-1.77608,-3.51865
10.24957,-1.48884,-3.36546
10.31659,-0.98139,-3.24099
10.34531,-0.97182,-3.28886
10.23042,-1.46969,-3.33673
10.19212,-1.55587,-3.37503
10.38361,-1.37395,-3.38461
10.43148,-1.32608,-3.34631
10.25914,-1.23991,-3.28886
10.29744,-1.35480,-3.32716
10.34531,-1.63246,-3.40376
10.37404,-1.59416,-3.36546
10.42191,-1.42182,-3.34631
10.39319,-1.46969,-3.28886
10.37404,-1.64204,-3.20269
10.41233,-1.60374,-3.26971
10.46978,-1.66119,-3.38461
10.31659,-1.92927,-3.43248
10.23999,-2.20694,-3.52823
10.35489,-2.14949,-3.56652
10.40276,-2.10162,-3.69099
10.32616,-2.62822,-3.98780
10.14425,-3.45163,-4.38994
10.19212,-3.78674,-4.67717
10.18254,-3.09737,-4.38036
10.03893,-2.21651,-4.06440
10.01020,-2.87716,-4.28462
10.08680,-4.12185,-4.80164
10.13467,-4.00695,-4.43781
9.88573,-1.23033,-3.44205
10.33574,-0.62713,-2.58992
10.48893,-3.58567,-3.29844
10.21127,-5.74952,-4.14100
10.44106,-5.89314,-4.66760
10.74744,-5.01228,-4.71547
10.84319,-3.51865,-4.04525
10.83361,-2.47502,-2.71439
10.60383,-3.03035,-2.04417
10.55595,-4.48568,-2.24523
10.71872,-4.96441,-2.28353
10.86234,-3.45163,-1.95800
11.13043,-2.74311,-1.63246
10.91979,-3.93036,-1.86225
10.56553,-5.59633,-2.27396
10.63255,-5.86442,-2.45587
10.68042,-5.12718,-2.17821
10.66127,-4.01653,-1.67076
10.87191,-3.32716,-1.14416
10.77617,-3.80589,-1.08671
10.44106,-4.72505,-1.49842
10.52723,-5.51016,-1.81438
10.60383,-5.70165,-2.23566
10.35489,-5.52931,-2.16864
10.05808,-5.09845,-1.22076
9.75169,-4.75377,-0.40692
9.80914,-4.90696,-0.14841
9.94318,-5.20377,-0.37820
9.81871,-5.87399,-0.84735
9.67509,-6.99422,-0.06223
9.38786,-7.50167,0.89522
9.18679,-6.67826,1.33565
9.68467,-5.16548,1.79523
10.48893,-4.44738,2.30268
10.80489,-5.33782,2.70481
10.17297,-6.63996,3.15482
9.53148,-6.41974,3.45163
9.88573,-4.52398,4.04525
10.76659,-3.28886,4.72505
10.80489,-4.05483,4.79207
10.09637,-5.44314,4.48568
9.96233,-5.34739,4.42823
10.42191,-3.44205,5.27080
10.49851,-1.52714,5.84527
9.97190,-1.63246,5.76867
9.18679,-2.69524,5.31867
8.84211,-3.65269,5.32824
8.66976,-3.36546,5.49101
8.46870,-0.78990,6.17080
8.43040,2.02502,6.82187
8.36338,2.16864,6.60166
7.93252,0.19628,5.51016
7.41550,-2.38885,3.89206
6.64953,-3.41333,3.27929
5.94102,-0.59841,3.32716
6.52506,2.93460,4.64845
6.59208,4.77292,6.21868
5.72080,3.48993,6.18995
5.25165,1.00054,5.28994
5.33782,0.00000,4.57185
5.67293,1.10586,4.76334
5.95059,3.02077,5.30909
6.17080,3.29844,5.66335
5.61548,2.10162,5.06016
5.02186,1.03884,4.57185
4.86866,1.47927,4.46653
5.04101,2.34098,5.43356
5.11760,2.58034,5.83570
5.07930,1.99630,5.52931
4.59100,2.13991,5.65378
4.30377,3.13567,6.25697
4.62930,3.93036,6.67826
4.85909,3.98780,6.97507
4.85909,3.51865,7.08039
5.07930,2.99205,6.91762
5.30909,3.16439,6.96549
5.08888,3.96866,7.12826
4.75377,4.38994,7.37720
4.56228,4.06440,7.23358
4.71547,3.64312,7.16656
4.86866,4.14100,7.60699
4.78249,4.94526,8.10487
4.97398,4.49526,7.73146
4.94526,3.56652,7.25273
4.71547,3.27929,7.28145
4.79207,3.29844,7.42507
4.92611,3.50908,7.47294
4.63887,3.93036,7.72188
4.68675,3.82504,7.67401
4.87824,3.70057,7.67401
5.05058,4.03568,7.95167
4.84952,3.93993,7.90380
4.42823,3.88248,7.93252
4.29419,4.00695,7.90380
4.43781,4.09312,7.80805
4.45696,3.11652,7.44422
4.23674,2.96333,7.51124
4.35164,3.15482,7.62614
4.61015,3.19312,7.56869
4.50483,3.12609,7.57826
4.96441,4.12185,7.77933
4.83037,4.56228,7.99955
4.60058,4.17930,7.83678
4.61015,3.30801,7.49209
4.96441,2.97290,7.47294
5.11760,3.44205,7.72188
4.98356,4.10270,8.01869
4.67717,4.37079,8.29636
4.69632,4.15057,8.21019
4.92611,3.95908,8.09529
4.24632,3.16439,7.58784
4.35164,3.09737,7.73146
4.45696,3.06865,7.86550
4.46653,3.07822,7.93252
4.50483,2.86758,7.94210
4.50483,2.82928,7.87508
4.61972,2.95375,7.87508
4.68675,3.01120,8.10487
4.47611,3.08780,8.27721
4.61972,2.89630,8.27721
4.88781,2.85801,8.33465
4.99313,3.11652,8.32508
4.95484,3.08780,8.35380
4.71547,3.09737,8.32508
4.62930,3.30801,8.47827
4.64845,3.60482,8.48785
4.61015,3.44205,8.37295
4.55270,3.07822,8.14316
4.54313,2.92503,8.11444
4.52398,3.05907,8.22934
4.77292,2.86758,7.99955
4.51441,2.68566,7.98040
4.47611,2.72396,7.97082
4.58143,3.07822,8.00912
4.74419,3.23141,7.95167
4.76334,3.07822,7.88465
4.64845,2.93460,7.95167
4.67717,3.03992,8.14316
4.83994,3.20269,8.22934
5.04101,3.06865,8.14316
4.66760,3.16439,8.28678
4.84952,3.23141,8.32508
4.75377,3.03035,8.21976
4.84952,3.03035,8.16231
4.86866,2.98248,8.21976
4.70590,2.99205,8.20061
4.65802,2.96333,8.17189
4.86866,2.91545,8.07614
5.00271,2.94418,7.98997
4.96441,2.90588,8.06657
4.67717,3.03035,8.07614
4.77292,3.12609,8.12401
4.85909,3.14524,8.16231
4.85909,3.03035,8.08572
4.80164,3.01120,8.11444
4.86866,3.11652,8.16231
4.80164,3.24099,8.26763
4.69632,3.26971,8.19104
