-8.047347960484 2.751217356110 -2.444019112579
-8.050443144770 2.745020794911 -2.452678914672
-8.053538422892 2.738824309005 -2.461338522650
-8.056633897014 2.732627980803 -2.469997730244
-8.059729774025 2.726431977710 -2.478656125924
-8.062826465942 2.720236634234 -2.487312903262
-8.065924779609 2.714042607773 -2.495966510660
-8.069026268436 2.707851168873 -2.504614017999
-8.072133872309 2.701664732010 -2.513249996614
-8.075253059361 2.695487808022 -2.521864584246
-8.078393822947 2.689328680391 -2.530440223391
-8.081574103448 2.683202297479 -2.538946307409
-8.084825527815 2.677135161484 -2.547330643448
-8.088202823674 2.671173417578 -2.555506275575
-8.091798895559 2.665395937487 -2.563331903262
-8.095768342600 2.659934964330 -2.570584107285
-8.100363056803 2.655007788414 -2.576920322319
-8.105984171179 2.650963740032 -2.581833848753
-8.113254287153 2.648350921785 -2.584607713554
-8.123110974032 2.648005178273 -2.584285345109
-8.136913775706 2.651156947992 -2.579696192787
-8.156536833455 2.659534673147 -2.569606413436
-8.184380549191 2.675409032506 -2.553105121585
-8.223176154012 2.701466063179 -2.530360978680
-8.275399987051 2.740336121463 -2.503821565981
-8.342146460579 2.793613869472 -2.479654654986
-8.421588761779 2.860431193399 -2.468674558564
-8.507751523932 2.936181907491 -2.485464167635
-8.590811250790 3.012512213154 -2.544806402718
-8.659601096611 3.079331089375 -2.656510631913
-8.705256757822 3.128068072659 -2.821779575349
-8.723729742624 3.154166020054 -3.033602489944
-8.715847085518 3.157457576567 -3.280464586668
-8.685580003508 3.140836731168 -3.550555818570
-8.638017978034 3.108520175121 -3.834420123871
-8.577985775034 3.064807267876 -4.125807942162
-8.509421515927 3.013540998628 -4.421481059618
-8.435232043376 2.958100222595 -4.720730214073
-8.357297391469 2.901713719100 -5.025023086456
-8.276360294291 2.847969586205 -5.337888575748
-8.191573501897 2.801454466770 -5.664904670068
-8.099485251176 2.768416388393 -6.013383126554
-7.992347846972 2.757122983455 -6.390933562654
-7.856140715471 2.777125846397 -6.801675825791
-7.669983026017 2.836190687392 -7.239304920905
-7.410190448996 2.934344527751 -7.679256284701
-7.061047506105 3.057886942580 -8.077824790050
-6.627011650851 3.180197353863 -8.386465025878
-6.134258617903 3.272631087438 -8.575324370505
-5.617647183565 3.317415829120 -8.645687265993
-5.104971342304 3.311686465202 -8.621850985490
-4.610352137933 3.262440671663 -8.534335403135
-4.136383564784 3.179510555220 -8.408320219245
-3.678827726973 3.071083382995 -8.260019639640
-3.229936474472 2.941909846757 -8.097242607183
-2.779640982341 2.792813424435 -7.920553373251
-2.315160190976 2.620464082156 -7.723298923970
-1.819903528733 2.417152800523 -7.490096424610
-1.273076169938 2.171200059294 -7.194598749737
-0.652637448840 1.869752231530 -6.799634813968
0.055014060672 1.506185318155 -6.265956356513
0.839580461943 1.091037250221 -5.574238623953
1.658514905219 0.657013992697 -4.749503590254
2.452435196087 0.246887649774 -3.859739615765
3.176433209854 -0.108794582574 -2.980272371945
3.817293177317 -0.402757311546 -2.157860095202
4.386249010925 -0.644687523547 -1.403918760740
4.903237053114 -0.849669620960 -0.708390230719
5.386545406039 -1.030991556540 -0.054460940093
5.849451266484 -1.198010184458 0.573668753370
6.300527273718 -1.356519497402 1.188602810697
6.744998129292 -1.509736825523 1.800208372165
7.186050138016 -1.659146269361 2.416895617393
7.625850312314 -1.805037441573 3.046925749275
8.066338466337 -1.946793054046 3.699371190193
8.509899029265 -2.083051771963 4.384291777176
8.959920189407 -2.211933065517 5.111345159593
9.421016865184 -2.331576643975 5.885840772910
9.898412236595 -2.441187992845 6.702235263167
10.396065373483 -2.542330884789 7.538396584096
10.914200073841 -2.639439914306 8.357565192517
11.448304844039 -2.738506145306 9.121597200917
11.991053842380 -2.844496072480 9.807373079546
12.535733355322 -2.959522246049 10.413253150954
13.078498191371 -3.082851850076 10.953128201860
13.618587139400 -3.211976289287 11.446421138128
14.157447276339 -3.343546547329 11.911292090932
14.697800913673 -3.473672613027 12.362280582534
15.242998063424 -3.597644957554 12.810560163823
15.796496630741 -3.709272949719 13.264968140816
16.361103115756 -3.800022967968 13.732733415004
16.937524761861 -3.858219845851 14.219290026036
17.521817785895 -3.868867229285 14.726708596712
18.101714354445 -3.815124878574 15.250492033195
18.653003839871 -3.682765120291 15.775353052913
19.139123517864 -3.467964711932 16.272490847518
19.518057496938 -3.185536034929 16.702661716279
19.756956924481 -2.870932057659 17.027498026376
19.846748897227 -2.570982024490 17.224345355257
19.805630782846 -2.327550781231 17.294211754608
19.669024414509 -2.165317348594 17.257309981406
19.474745150886 -2.090222404109 17.141283503110
19.252822819281 -2.095575631502 16.970782996438
19.022380218155 -2.169349646260 16.762416202822
18.792906409458 -2.298848255737 16.524148022220
18.566804609392 -2.472205516086 16.256898713594
18.341624111627 -2.677618650713 15.956990310008
18.111758604270 -2.901516082144 15.619185359754
17.870081634331 -3.127056179823 15.240391122886
17.610004091440 -3.334573839360 14.823413969217
17.327792384976 -3.504985880416 14.378936948814
17.024100550304 -3.625044484595 13.923761149995
16.703611874698 -3.691136086803 13.475591935183
16.372938269902 -3.708925515746 13.047532273287
16.038210771354 -3.689454759360 12.645533294114
15.703675552068 -3.644621215032 12.269303010474
15.371522684105 -3.584288101183 11.914902281475
15.042416516377 -3.515373629438 11.577188901602
14.716158634844 -3.442167701409 11.251330702524
14.392195621896 -3.367071067635 10.933443010118
14.069918143229 -3.291300055863 10.620684936080
13.748799360032 -3.215402245503 10.311109867167
13.428436876504 -3.139582477547 10.003447781171
13.108547131876 -3.063888392281 9.696902411196
12.788941894329 -2.988306545874 9.390991370827
12.469502104447 -2.912807235011 9.085431351441
12.150155510725 -2.837362468165 8.780060712184
11.830859859404 -2.761951220900 8.474789740759
11.511591265351 -2.686559456797 8.169569957465
11.192336649757 -2.611178507751 7.864375837518
10.873089064258 -2.535803326807 7.559194280719
10.553844922886 -2.460431113610 7.254018730389
10.234602426088 -2.385060377630 6.948845985224
9.915360695036 -2.309690354479 6.643674519995
