0.026113318371 -0.008679700332 0.008058546188
0.021444811183 -0.007127207287 0.006617954016
0.016776303995 -0.005574714241 0.005177361843
0.012107796807 -0.004022221196 0.003736769671
0.007439289619 -0.002469728150 0.002296177498
0.002770782433 -0.000917235105 0.000855585326
-0.001897724747 0.000635257938 -0.000585006844
-0.006566231892 0.002187750970 -0.002025599003
-0.011234738856 0.003740243943 -0.003466191106
-0.015903244942 0.005292736632 -0.004906782937
-0.020571747032 0.006845228027 -0.006347373531
-0.025240232012 0.008397713886 -0.007787958828
-0.029908648224 0.009950177506 -0.009228522840
-0.034576805219 0.011502557355 -0.010669006628
-0.039244047198 0.013054641736 -0.012109207268
-0.043908270033 0.014605752148 -0.013548473762
-0.048563203752 0.016153869508 -0.014984866585
-0.053191576971 0.017693441832 -0.016413044257
-0.057749720505 0.019210465124 -0.017819505343
-0.062137488561 0.020672935675 -0.019173300502
-0.066151255487 0.022016138464 -0.020411543213
-0.069442327967 0.023130390549 -0.021426680071
-0.071580462748 0.023884074655 -0.022086444972
-0.072479112244 0.024265053183 -0.022365932258
-0.073512811904 0.024744143017 -0.022693673162
-0.078873269291 0.026703988415 -0.024370187740
-0.094659710986 0.032117560316 -0.029283205427
-0.124239561770 0.042032107513 -0.038469950676
-0.165297199924 0.055644691827 -0.051207300606
-0.212753503834 0.071284164060 -0.065919847804
-0.262571256492 0.087643899650 -0.081357871351
-0.312676326694 0.104063780551 -0.096880471376
-0.362280324370 0.120300980978 -0.112244534018
-0.411143381693 0.136290439431 -0.127375948184
-0.459119456485 0.152004269744 -0.142228507880
-0.505878721832 0.167380319130 -0.156697851377
-0.550811602506 0.182333907894 -0.170593586537
-0.593754526595 0.197064380443 -0.183874329916
-0.638357281698 0.213129407648 -0.197719473224
-0.696735248847 0.234450562116 -0.215984475807
-0.780242446838 0.263693590548 -0.242227937654
-0.882040357066 0.297686055758 -0.274214903471
-0.988553123130 0.332175583782 -0.307620780478
-1.093704346643 0.365701447881 -0.340526670473
-1.196591762739 0.398299172819 -0.372651357392
-1.297395319462 0.430210666751 -0.404058588241
-1.395914343499 0.461570745169 -0.434729744346
-1.491602622135 0.492637130238 -0.464662446502
-1.585863021104 0.524808851186 -0.494708531716
-1.688226881758 0.562232870817 -0.528246201734
-1.814222202424 0.608904312288 -0.569358425794
-1.962584653620 0.661449029842 -0.615997605338
-2.118283114673 0.714148750876 -0.663067807359
-2.273398173275 0.765363848279 -0.708573210875
-2.426879841182 0.815566038520 -0.752502874687
-2.579423915362 0.865415158009 -0.795102863716
-2.731883517178 0.915488724513 -0.836532942521
-2.885378336661 0.966531184902 -0.877170853210
-3.041919919636 1.019813513348 -0.918463886443
-3.204910959775 1.077261039574 -0.964356554028
-3.377818129836 1.140379219785 -1.021497891742
-3.559966936161 1.207852563925 -1.094308524227
-3.745467368885 1.275739855445 -1.179109984689
-3.929180246619 1.341360496099 -1.268365004510
-4.110042227661 1.404633758145 -1.357764894046
-4.289003791563 1.466431580576 -1.446511909178
-4.467043098471 1.527438197223 -1.535036602490
-4.644695657350 1.587989623519 -1.623824229777
-4.822178445799 1.648208377843 -1.713183767544
-4.999557088699 1.708122341721 -1.803299021719
-5.176842455023 1.767726401430 -1.894296658450
-5.354034802360 1.827009344279 -1.986282637262
-5.531144695006 1.885967075834 -2.079355349235
-5.708208247319 1.944613906649 -2.173606803757
-5.885305336278 2.002998459493 -2.269117033369
-6.062585177112 2.061229531557 -2.365942315061
-6.240301087557 2.119518250020 -2.464095356527
-6.418851817134 2.178244535255 -2.563514390031
-6.598815742987 2.238055918079 -2.664018183139
-6.780938972097 2.299999591460 -2.765246968389
-6.965988899889 2.365661247059 -2.866599546325
-7.154309465618 2.437212758573 -2.967202312969
-7.344863840467 2.517133206302 -3.065993707154
-7.533722773313 2.607223859907 -3.162056391140
-7.712709811574 2.706712172997 -3.255267905306
-7.870132811201 2.810280750406 -3.346982340860
-7.995282545296 2.908319303031 -3.439956419413
-8.084489926107 2.990828110307 -3.537034630345
-8.143079573229 3.052253884849 -3.639524813982
-8.181435812951 3.092944276886 -3.746731402177
-8.209633957933 3.116953563659 -3.856727145356
-8.234695147825 3.129171699978 -3.967345507871
-8.260520730880 3.133706791051 -4.076741197639
-8.288884685440 3.133502742237 -4.183536271650
-8.320402539575 3.130553834551 -4.286784935974
-8.355165063373 3.126284467318 -4.385927388233
-8.393060294170 3.121950193017 -4.480817370099
-8.433835977620 3.119076988637 -4.571866734844
-8.476840507795 3.120010049852 -4.660326176001
-8.520177826068 3.128585308010 -4.748645651407
-8.558804616731 3.150614449611 -4.840593810350
-8.581414630196 3.192981786751 -4.940188460462
-8.568329006614 3.258985657021 -5.047912419845
-8.497368972426 3.339596096811 -5.154820688141
-8.361643790317 3.410130617712 -5.242179726692
-8.181332450995 3.444581174652 -5.293645739780
-7.988841687170 3.434252599518 -5.307408024277
-7.806418294347 3.387555771758 -5.293232043111
-7.641108810841 3.317901800230 -5.262709258762
-7.491350839644 3.236055816479 -5.224316960416
-7.352987134796 3.149028816216 -5.183325432100
-7.221665626654 3.061522418102 -5.143130323909
-7.092772476665 2.977665575353 -5.106341512159
-6.959810370399 2.902566993701 -5.075153456475
-6.811391997828 2.843521048564 -5.050523281890
-6.627729733836 2.809755902430 -5.029285145903
-6.381560784645 2.807837040856 -4.999326609243
-6.053075088179 2.831423675137 -4.938375420995
-5.654745117489 2.855979834322 -4.826169905703
-5.231076576890 2.853771902890 -4.662455887163
-4.823546637770 2.814233551504 -4.465476638800
-4.447622736921 2.743822236782 -4.254645017383
-4.099797027479 2.653861768321 -4.041081106674
-3.771127607012 2.553220445644 -3.828863332278
-3.453925443903 2.447201553320 -3.618682186188
-3.143108732031 2.338598352443 -3.410131537814
-2.835691819792 2.228788216933 -3.202653459714
-2.530029507992 2.118425426149 -2.995813822739
-2.225251130570 2.007813457738 -2.789331148108
-1.920909094933 1.897090642923 -2.583039363300
-1.616778577378 1.786319131914 -2.376846192395
-1.312748885994 1.675526485572 -2.170702534185
-1.008766499303 1.564724774844 -1.964583132549
-0.704805971725 1.453919222556 -1.758475357623
