0.064331811615 0.064511073497 -0.127823979536
0.064511073497 0.412977176562 0.123651536086
-0.127823979536 0.123651536086 0.749404704318
0.064331808574 0.064511070447 -0.127823973494
0.064511070447 0.412977157041 0.123651530241
-0.127823973494 0.123651530241 0.749404668894
0.064331801855 0.064511063710 -0.127823960144
0.064511063710 0.412977113910 0.123651517327
-0.127823960144 0.123651517327 0.749404590626
0.064331787228 0.064511049042 -0.127823931080
0.064511049042 0.412977020010 0.123651489212
-0.127823931080 0.123651489212 0.749404420231
0.064331755849 0.064511017576 -0.127823868733
0.064511017576 0.412976818576 0.123651428900
-0.127823868733 0.123651428900 0.749404054703
0.064331689524 0.064510951066 -0.127823736948
0.064510951066 0.412976392802 0.123651301416
-0.127823736948 0.123651301416 0.749403282074
0.064331551390 0.064510812545 -0.127823462480
0.064510812545 0.412975506041 0.123651035906
-0.127823462480 0.123651035906 0.749401672922
0.064331267929 0.064510528289 -0.127822899249
0.064510528289 0.412973686326 0.123650491049
-0.127822899249 0.123650491049 0.749398370788
0.064330694814 0.064509953553 -0.127821760464
0.064509953553 0.412970007051 0.123649389394
-0.127821760464 0.123649389394 0.749391694203
0.064329553171 0.064508808632 -0.127819491932
0.064508808632 0.412962677595 0.123647194741
-0.127819491932 0.123647194741 0.749378393768
0.064327312725 0.064506561563 -0.127815039708
0.064506561563 0.412948292358 0.123642887177
-0.127815039708 0.123642887177 0.749352289304
0.064322981482 0.064502216803 -0.127806431564
0.064502216803 0.412920477606 0.123634557464
-0.127806431564 0.123634557464 0.749301813859
0.064314734511 0.064493941488 -0.127790037156
0.064493941488 0.412867497795 0.123618688736
-0.127790037156 0.123618688736 0.749205668316
0.064299272788 0.064478417395 -0.127759286372
0.064478417395 0.412768103043 0.123588907677
-0.127759286372 0.123588907677 0.749025280072
0.064270743583 0.064449741361 -0.127702498584
0.064449741361 0.412584476914 0.123533854705
-0.127702498584 0.123533854705 0.748691985945
0.064218980733 0.064397606109 -0.127599303734
0.064397606109 0.412250548288 0.123433625582
-0.127599303734 0.123433625582 0.748085758508
0.064126766193 0.064304384393 -0.127414944666
0.064304384393 0.411653193369 0.123253960043
-0.127414944666 0.123253960043 0.747000895576
0.063965878374 0.064140656173 -0.127091654553
0.064140656173 0.410603206219 0.122937000127
-0.127091654553 0.122937000127 0.745092744412
0.063692175685 0.063858801854 -0.126536657064
0.063858801854 0.408793138812 0.122387075431
-0.126536657064 0.122387075431 0.741799466358
0.063241611100 0.063384906269 -0.125608053361
0.063384906269 0.405742291159 0.121449814112
-0.125608053361 0.121449814112 0.736237410078
0.062533529618 0.062611223678 -0.124104992679
0.062611223678 0.400740059592 0.119883495884
-0.124104992679 0.119883495884 0.727085605112
0.061497864958 0.061396448160 -0.121780911670
0.061396448160 0.392826708730 0.117324193236
-0.121780911670 0.117324193236 0.712519229476
0.060162443922 0.059591127460 -0.118423121943
0.059591127460 0.380907833723 0.113253078196
-0.118423121943 0.113253078196 0.690344510409
0.058863111666 0.057120562770 -0.114077200730
0.057120562770 0.364185848636 0.106987867548
-0.114077200730 0.106987867548 0.658631954164
0.058644393219 0.054165646258 -0.109509252309
0.054165646258 0.343146150697 0.097739975653
-0.109509252309 0.097739975653 0.617246985581
0.061817079029 0.051444503329 -0.106894514618
0.051444503329 0.321144701812 0.084790786522
-0.106894514618 0.084790786522 0.570405671485
0.072320491703 0.050457907367 -0.110359080510
0.050457907367 0.305887603332 0.067807634921
-0.110359080510 0.067807634921 0.529221508108
0.095120449992 0.053355753164 -0.125494117351
0.053355753164 0.308941264902 0.047203889630
-0.125494117351 0.047203889630 0.511367508724
0.134067313712 0.062114129809 -0.157101930574
0.062114129809 0.341492776821 0.024297566182
-0.157101930574 0.024297566182 0.534935409007
0.189117668074 0.077319329879 -0.206047902861
0.077319329879 0.407784250140 0.001037616112
-0.206047902861 0.001037616112 0.608361129916
0.255304322998 0.097552904844 -0.267845405689
0.097552904844 0.501500551672 -0.020627217437
-0.267845405689 -0.020627217437 0.724359535102
0.324739295873 0.120023701489 -0.334555741494
0.120023701489 0.608746915953 -0.039340416765
-0.334555741494 -0.039340416765 0.863714737157
0.390014653973 0.141885533751 -0.398383525234
0.141885533751 0.714859893588 -0.054553749506
-0.398383525234 -0.054553749506 1.005187388216
0.446443376387 0.161196794314 -0.454183767496
0.161196794314 0.809551047088 -0.066374773753
-0.454183767496 -0.066374773753 1.133339939330
0.492305606937 0.177112916569 -0.499868688907
0.177112916569 0.888096547590 -0.075269375761
-0.499868688907 -0.075269375761 1.240631342496
0.527908636801 0.189583193434 -0.535505505174
0.189583193434 0.949891913519 -0.081805357093
-0.535505505174 -0.081805357093 1.325543129424
0.554462024860 0.198941283933 -0.562164615737
0.198941283933 0.996385507462 -0.086496900476
-0.562164615737 -0.086496900476 1.389669190823
0.573234420412 0.205586197424 -0.581031251009
0.205586197424 1.029435032145 -0.089729612555
-0.581031251009 -0.089729612555 1.435342469802
0.585021180999 0.209780230170 -0.592819774028
0.209780230170 1.050237473589 -0.091724691107
-0.592819774028 -0.091724691107 1.464054985529
0.589804641603 0.211532517528 -0.597342165814
0.211532517528 1.058646618197 -0.092506097792
-0.597342165814 -0.092506097792 1.475394054383
0.586547269702 0.210568638812 -0.593071503130
0.210568638812 1.052774338442 -0.091842960048
-0.593071503130 -0.091842960048 1.466255403264
0.573284254647 0.206503250336 -0.576613899926
0.206503250336 1.029187176482 -0.089143966779
-0.576613899926 -0.089143966779 1.430523922872
0.548132266046 0.199561503807 -0.542170230963
0.199561503807 0.984846654875 -0.083288307315
-0.542170230963 -0.083288307315 1.360309934488
0.512388859657 0.192443241461 -0.481428720261
0.192443241461 0.922964850862 -0.072419743515
-0.481428720261 -0.072419743515 1.251063586824
0.476449317187 0.193522147528 -0.384916325344
0.193522147528 0.864049028837 -0.053882170365
-0.384916325344 -0.053882170365 1.112614806635
0.465169896987 0.219070797376 -0.246128795134
0.219070797376 0.855644240349 -0.024783880903
-0.246128795134 -0.024783880903 0.981529267809
0.512217334447 0.288376118474 -0.068108330739
0.288376118474 0.961048556302 0.016249794031
-0.068108330739 0.016249794031 0.916910265315
0.637138802221 0.409135104054 0.132313303577
0.409135104054 1.215611569955 0.066783949525
0.132313303577 0.066783949525 0.965240255787
0.824404650469 0.566093841494 0.329188439368
0.566093841494 1.587588103116 0.120314100208
0.329188439368 0.120314100208 1.121341122158
1.031912783545 0.728886807154 0.499460263776
0.728886807154 1.995314890502 0.169355032812
0.499460263776 0.169355032812 1.332986373334
1.219445835906 0.870968264187 0.631716938118
0.870968264187 2.361765849349 0.209033764149
0.631716938118 0.209033764149 1.541713162916
1.365908289838 0.979756145110 0.725826071973
0.979756145110 2.647063770187 0.238049067655
0.725826071973 0.238049067655 1.712116621352
1.467409008316 1.054199220718 0.787455436318
1.054199220718 2.844327800636 0.257378583836
0.787455436318 0.257378583836 1.833035156116
1.528055179275 1.098089486880 0.823052825840
1.098089486880 2.961764524897 0.268642954946
0.823052825840 0.268642954946 1.906079760604
1.552677761755 1.114969489991 0.837117587451
1.114969489991 3.008532798317 0.273072042802
0.837117587451 0.273072042802 1.935508766713
1.543262387930 1.105411630992 0.831132026874
1.105411630992 2.987540220351 0.271035212555
0.831132026874 0.271035212555 1.922860706160
1.498183757988 1.065621273031 0.803253462651
1.065621273031 2.893071325064 0.261866548744
0.803253462651 0.261866548744 1.865360585039
1.414173058216 0.986652489351 0.748519646360
0.986652489351 2.712460860430 0.243883720154
0.748519646360 0.243883720154 1.757791259190
1.292846225187 0.854646948263 0.660225610342
0.854646948263 2.434472171378 0.214792339307
0.660225610342 0.214792339307 1.599847093239
1.153878014697 0.654018583143 0.533890600053
0.654018583143 2.068815889758 0.172931368121
0.533890600053 0.172931368121 1.411558263190
1.049353488085 0.376328902251 0.374298272167
0.376328902251 1.672586005346 0.119556346825
0.374298272167 0.119556346825 1.250936640794
1.055626828396 0.033977934853 0.201060921500
0.033977934853 1.353161102822 0.060781339351
0.201060921500 0.060781339351 1.206751604744
1.220815594230 -0.332549637446 0.043173484143
-0.332549637446 1.209441609788 0.006099249503
0.043173484143 0.006099249503 1.339843266121
1.510366738827 -0.668761319745 -0.077628664573
-0.668761319745 1.250291230132 -0.036879742655
-0.077628664573 -0.036879742655 1.619046411913
1.829363812129 -0.934642479410 -0.157491309131
-0.934642479410 1.395214228425 -0.066185145313
-0.157491309131 -0.066185145313 1.942312387192
2.097434644551 -1.120016855477 -0.205223175043
-1.120016855477 1.553387984829 -0.084240830251
-0.205223175043 -0.084240830251 2.219675796782
2.285678293101 -1.237086927842 -0.232068918994
-1.237086927842 1.676994635923 -0.094655739486
-0.232068918994 -0.094655739486 2.416407423194
2.402055164128 -1.305298486032 -0.246544898091
-1.305298486032 1.757416482262 -0.100369847665
-0.246544898091 -0.100369847665 2.538651261850
2.466100377792 -1.341654317784 -0.253908312293
-1.341654317784 1.802872553844 -0.103294437013
-0.253908312293 -0.103294437013 2.606089497240
2.494867470730 -1.357723276743 -0.257080626779
-1.357723276743 1.823725171510 -0.104519208794
-0.257080626779 -0.104519208794 2.636383707410
2.498932687934 -1.359979703604 -0.257514944996
-1.359979703604 1.827242248818 -0.104558517015
-0.257514944996 -0.104558517015 2.640558889857
2.482618407158 -1.350923905130 -0.255725048316
-1.350923905130 1.817026146019 -0.103481174679
-0.255725048316 -0.103481174679 2.623047042880
2.445104223809 -1.329970479351 -0.251537675489
-1.329970479351 1.794110691700 -0.100874814327
-0.251537675489 -0.100874814327 2.582710868590
2.381534215148 -1.293980156704 -0.244154330526
-1.293980156704 1.759196228445 -0.095559712844
-0.244154330526 -0.095559712844 2.513760952194
2.284709395920 -1.237787456402 -0.232087774006
-1.237787456402 1.717400439552 -0.084851639203
-0.232087774006 -0.084851639203 2.406994405531
2.149142583289 -1.155520051516 -0.213049144798
-1.155520051516 1.688654551955 -0.063025437469
-0.213049144798 -0.063025437469 2.252935283526
1.980098728893 -1.043943194660 -0.183938543121
-1.043943194660 1.727400882649 -0.018689386600
-0.183938543121 -0.018689386600 2.049376402675
1.808457766645 -0.908660027505 -0.141248968229
-0.908660027505 1.949128975960 0.068189148727
-0.141248968229 0.068189148727 1.814677786729
1.703099438892 -0.770811259684 -0.082318389533
-0.770811259684 2.539769879380 0.225843204920
-0.082318389533 0.225843204920 1.600801307971
1.757928206443 -0.665925718057 -0.007522748397
-0.665925718057 3.697178129080 0.479995627230
-0.007522748397 0.479995627230 1.487130789702
2.037344343424 -0.626912169548 0.077779085552
-0.626912169548 5.486195121324 0.832026168913
0.077779085552 0.832026168913 1.538989639202
2.516761771857 -0.660838852162 0.163910591306
-0.660838852162 7.719254015805 1.244039425697
0.163910591306 1.244039425697 1.756445387663
3.088126392676 -0.744362811028 0.240831396078
-0.744362811028 10.023227326413 1.653050712876
0.240831396078 1.653050712876 2.070493535893
3.630386669576 -0.842885395515 0.302337753497
-0.842885395515 12.050163824920 2.004579118031
0.302337753497 2.004579118031 2.393069342035
4.069402963393 -0.930889060598 0.347214014662
-0.930889060598 13.622834330758 2.273492512591
0.347214014662 2.273492512591 2.664726638024
4.385699334893 -0.997596226635 0.377574130402
-0.997596226635 14.728443538520 2.460940166010
0.377574130402 2.460940166010 2.864666547690
4.591579919076 -1.042209983310 0.396625968418
-1.042209983310 15.438041214878 2.580657362164
0.396625968418 2.580657362164 2.996368267027
4.707909514289 -1.067714427295 0.407222409858
-1.067714427295 15.836045409405 2.647667439562
0.407222409858 2.647667439562 3.071280856184
4.751021192354 -1.076981938721 0.411285540905
-1.076981938721 15.983556327283 2.672632306195
0.411285540905 2.672632306195 3.099180912033
4.727635735271 -1.071001254815 0.409750636326
-1.071001254815 15.905622061901 2.660061157343
0.409750636326 2.660061157343 3.084261104890
4.633844374990 -1.048169581115 0.402795738558
-1.048169581115 15.589866171046 2.608370192879
0.402795738558 2.608370192879 3.024326641889
4.456396584820 -1.003978063800 0.390388486734
-1.003978063800 14.991568591811 2.511141082092
0.390388486734 2.511141082092 2.911912674627
4.177102617198 -0.930984592787 0.373424292835
-0.930984592787 14.048507932537 2.360321555190
0.373424292835 2.360321555190 2.737927783379
3.782814047684 -0.819494132002 0.355766366122
-0.819494132002 12.714136919545 2.152892237521
0.355766366122 2.152892237521 2.499465886126
3.282132095855 -0.659790039241 0.346850513868
-0.659790039241 11.013307268237 1.901288477140
0.346850513868 1.901288477140 2.212009107895
2.722515480132 -0.446639549238 0.362698582379
-0.446639549238 9.100067815060 1.642621897285
0.362698582379 1.642621897285 1.920055696088
2.190209498923 -0.185256770531 0.421458424427
-0.185256770531 7.259528482458 1.434754473471
0.421458424427 1.434754473471 1.692022597432
1.777859637708 0.104989875576 0.532369851063
0.104989875576 5.802772343862 1.330893574232
0.532369851063 1.330893574232 1.589784898378
1.535539864512 0.393817974396 0.685670070614
0.393817974396 4.904842140269 1.346930714665
0.685670070614 1.346930714665 1.630095912901
1.447975923684 0.650098318258 0.854276484723
0.650098318258 4.526368587064 1.451824860299
0.854276484723 1.451824860299 1.773897413613
1.456169638545 0.851904557751 1.006799205978
0.851904557751 4.481039419045 1.589509841874
1.006799205978 1.589509841874 1.953110289843
1.495826602877 0.990014788625 1.119969863336
0.990014788625 4.560534651295 1.708486955537
1.119969863336 1.708486955537 2.106107431204
1.520673902175 1.064998179835 1.182435177990
1.064998179835 4.612033068434 1.776535554645
1.182435177990 1.776535554645 2.195066781882
1.505664225544 1.082312301680 1.191935574775
1.082312301680 4.550277817282 1.779876859211
1.191935574775 1.779876859211 2.204749666083
1.441151440108 1.048973592307 1.151355366729
1.048973592307 4.339346074840 1.716986995045
1.151355366729 1.716986995045 2.135093048015
1.327502601951 0.972895870155 1.066876068909
0.972895870155 3.974855733834 1.594481149122
1.066876068909 1.594481149122 1.996498287385
1.173317609360 0.864410472746 0.948669763567
0.864410472746 3.477354063515 1.426936736275
0.948669763567 1.426936736275 1.809891410366
0.996129066541 0.738542539095 0.812755086184
0.738542539095 2.894087448999 1.238755042026
0.812755086184 1.238755042026 1.608911414479
0.822031857421 0.615624899515 0.681265829649
0.615624899515 2.298942908243 1.063707325771
0.681265829649 1.063707325771 1.438453439289
0.680204798891 0.517591101195 0.578104262569
0.517591101195 1.778467210702 0.937467891159
0.578104262569 0.937467891159 1.343626300325
0.591951550580 0.459978869721 0.519988731196
0.459978869721 1.401538119466 0.883400870124
0.519988731196 0.883400870124 1.350276570484
0.560944432709 0.444856183695 0.508666402075
0.444856183695 1.190172391801 0.900871267426
0.508666402075 0.900871267426 1.450323192126
0.573348448695 0.461207679631 0.531480593095
0.461207679631 1.116179225935 0.967138719647
0.531480593095 0.967138719647 1.606569129617
0.607846079938 0.492680612841 0.570070897698
0.492680612841 1.125981212038 1.051829732453
0.570070897698 1.051829732453 1.774235762820
0.646523050524 0.525804309439 0.609496760514
0.525804309439 1.170275722738 1.131393424937
0.609496760514 1.131393424937 1.920986953643
0.679492959211 0.553364612907 0.641904760191
0.553364612907 1.218447304518 1.194406043701
0.641904760191 1.194406043701 2.033193851421
0.703721837418 0.573383643569 0.665304220756
0.573383643569 1.257461044504 1.239043242897
0.665304220756 1.239043242897 2.111179255640
0.719918093660 0.586683689144 0.680800253162
0.586683689144 1.284805436298 1.268297448591
0.680800253162 1.268297448591 2.161744288482
0.730058941598 0.594983027360 0.690452704505
0.594983027360 1.302359975501 1.286413864537
0.690452704505 1.286413864537 2.192867491569
0.736110663245 0.599926466144 0.696196388748
0.599926466144 1.312979794663 1.297158682098
0.696196388748 1.297158682098 2.211262716198
0.739589608436 0.602765313579 0.699492957002
0.602765313579 1.319130749088 1.303314311259
0.699492957002 1.303314311259 2.221780670720
0.741528695716 0.604346710075 0.701328766695
0.604346710075 1.322573253220 1.306738810051
0.701328766695 1.306738810051 2.227625695172
0.742580721754 0.605204406676 0.702324282799
0.605204406676 1.324445086244 1.308594809968
0.702324282799 1.308594809968 2.230791700664
0.743137577618 0.605658324680 0.702851092150
0.605658324680 1.325437050147 1.309576682896
0.702851092150 1.309576682896 2.232466074935
0.743425539522 0.605893034747 0.703123479945
0.605893034747 1.325950331647 1.310084284067
0.703123479945 1.310084284067 2.233331537923
0.743571133305 0.606011699051 0.703261190018
0.606011699051 1.326209929008 1.310340889859
0.703261190018 1.310340889859 2.233769015487
0.743643138023 0.606070384237 0.703329293440
0.606070384237 1.326338335504 1.310467787200
0.703329293440 1.310467787200 2.233985348860
0.743677979921 0.606098780720 0.703362247010
0.606098780720 1.326400474108 1.310529188509
0.703362247010 1.310529188509 2.234090023057
0.743694477941 0.606112226695 0.703377850759
0.606112226695 1.326429898513 1.310558262195
0.703377850759 1.310558262195 2.234139586078
0.743702123202 0.606118457607 0.703385081583
0.606118457607 1.326443534159 1.310571734967
0.703385081583 1.310571734967 2.234162553521
0.743705590656 0.606121283591 0.703388361067
0.606121283591 1.326449718561 1.310577845426
0.703388361067 1.310577845426 2.234172970182
0.743707129899 0.606122538077 0.703389816866
0.606122538077 1.326452463899 1.310580557925
0.703389816866 1.310580557925 2.234177594247
0.743707798702 0.606123083152 0.703390449413
0.606123083152 1.326453656753 1.310581736508
0.703390449413 1.310581736508 2.234179603405
0.743708083145 0.606123314974 0.703390718436
0.606123314974 1.326454164077 1.310582237762
0.703390718436 1.310582237762 2.234180457904
