12.528310 -9.167640 5.002710
12.279370 -10.460210 6.027190
11.475110 -9.272960 7.281450
10.833610 -8.430400 7.549540
10.498510 -9.397430 6.764430
10.249570 -10.824040 5.759100
9.933610 -11.800650 6.151650
9.196370 -11.953840 5.921870
8.765510 -12.068730 5.491010
8.602740 -11.752770 5.309090
8.468700 -11.771920 5.213350
7.999550 -11.877240 4.437810
7.415500 -12.193200 3.576100
6.831450 -11.561280 2.656940
5.912290 -10.613400 1.871830
4.772920 -10.038930 1.096290
3.968660 -9.521900 0.789900
3.738870 -9.033600 0.694160
3.269710 -8.382530 0.196280
2.034590 -7.932520 -0.789900
0.895220 -6.888900 -1.259050
0.378200 -6.314420 -0.378200
0.876070 -6.994220 0.962240
0.818620 -6.649530 0.406920
-0.895220 -5.586760 -1.594160
4.772920 -10.038930 1.096290
3.968660 -9.521900 0.789900
3.738870 -9.033600 0.694160
3.269710 -8.382530 0.196280
2.034590 -7.932520 -0.789900
0.895220 -6.888900 -1.259050
0.378200 -6.314420 -0.378200
0.876070 -6.994220 0.962240
0.818620 -6.649530 0.406920
-0.895220 -5.586760 -1.594160
-2.427150 -4.504830 -2.034590
-2.532470 -3.758010 -0.598410
-1.498420 -4.456960 1.105860
-1.440970 -4.523980 0.110110
-2.963330 -4.121850 -0.952670
-3.834610 -3.920780 -0.119680
-3.892060 -3.585670 0.818620
-3.671840 -3.681420 1.086710
-3.509080 -4.026100 0.885650
-3.729290 -3.911210 1.115440
-2.427150 -4.504830 -2.034590
-2.532470 -3.758010 -0.598410
-1.498420 -4.456960 1.105860
-1.440970 -4.523980 0.110110
-2.963330 -4.121850 -0.952670
-3.834610 -3.920780 -0.119680
-3.892060 -3.585670 0.818620
-3.671840 -3.681420 1.086710
-3.509080 -4.026100 0.885650
-3.729290 -3.911210 1.115440
-4.246320 -3.614400 0.732450
-3.901630 -3.825040 1.057990
-2.829280 -4.026100 2.245230
-1.871830 -4.504830 4.409090
-1.306930 -4.476110 6.879320
5.941020 -2.484600 17.669850
13.361300 -0.617560 15.716640
-1.440970 -8.631470 5.309090
-9.636790 -3.997380 4.734620
-10.307010 -1.958000 8.535720
-4.246320 -3.614400 0.732450
-3.901630 -3.825040 1.057990
-2.829280 -4.026100 2.245230
-1.871830 -4.504830 4.409090
-1.306930 -4.476110 6.879320
5.941020 -2.484600 17.669850
13.361300 -0.617560 15.716640
-1.440970 -8.631470 5.309090
-9.636790 -3.997380 4.734620
-10.307010 -1.958000 8.535720
-1.211180 -4.437810 6.821870
-3.403760 -5.108030 3.384610
-7.932520 -4.705900 2.953750
-8.411250 -3.623970 1.536720
-7.970820 -3.384610 0.531390
-7.989970 -3.882480 0.263300
-8.229340 -4.045250 -1.019690
-8.976150 -4.121850 -2.044170
-9.253810 -3.949510 -2.197360
-8.717640 -3.700570 -2.226090
-1.211180 -4.437810 6.821870
-3.403760 -5.108030 3.384610
-7.932520 -4.705900 2.953750
-8.411250 -3.623970 1.536720
-7.970820 -3.384610 0.531390
-7.989970 -3.882480 0.263300
-8.229340 -4.045250 -1.019690
-8.976150 -4.121850 -2.044170
-9.253810 -3.949510 -2.197360
-8.717640 -3.700570 -2.226090
-8.382530 -3.767590 -2.446300
-8.325080 -4.179300 -2.561200
-8.401680 -4.428230 -2.877160
-8.363380 -4.265470 -3.308010
-7.827200 -3.394180 -2.953750
-7.185710 -3.432480 -2.858010
-6.496340 -4.073980 -2.398430
-5.050580 -4.887810 -0.378200
-3.164390 -5.596330 3.537800
11.341070 -12.346400 18.569860
-8.382530 -3.767590 -2.446300
-8.325080 -4.179300 -2.561200
-8.401680 -4.428230 -2.877160
-8.363380 -4.265470 -3.308010
-7.827200 -3.394180 -2.953750
-7.185710 -3.432480 -2.858010
-6.496340 -4.073980 -2.398430
-5.050580 -4.887810 -0.378200
-3.164390 -5.596330 3.537800
11.341070 -12.346400 18.569860
10.804890 2.302680 6.917620
-4.227170 -6.410170 8.909130
-13.820880 -4.447380 5.203770
-10.824040 -4.208020 4.619720
0.311170 -4.734620 7.224010
-0.473940 -5.117600 4.935690
-4.638870 -6.027190 3.336730
-6.381440 -5.471860 2.647370
-6.304850 -4.016530 2.503750
-6.008040 -3.844190 2.829280
10.804890 2.302680 6.917620
-4.227170 -6.410170 8.909130
-13.820880 -4.447380 5.203770
-10.824040 -4.208020 4.619720
0.311170 -4.734620 7.224010
-0.473940 -5.117600 4.935690
-4.638870 -6.027190 3.336730
-6.381440 -5.471860 2.647370
-6.304850 -4.016530 2.503750
-6.008040 -3.844190 2.829280
-5.366540 -4.552700 2.771840
-5.194200 -4.562280 2.408000
-5.682500 -4.141000 2.168640
-5.873990 -3.997380 2.139910
-5.021860 -4.275040 2.235660
-4.246320 -4.571850 2.273960
-4.198450 -5.069730 2.216510
-4.514410 -5.146330 2.139910
-4.523980 -4.150570 3.059070
-3.758010 -3.585670 4.179300
-5.366540 -4.552700 2.771840
-5.194200 -4.562280 2.408000
-5.682500 -4.141000 2.168640
-5.873990 -3.997380 2.139910
-5.021860 -4.275040 2.235660
-4.246320 -4.571850 2.273960
-4.198450 -5.069730 2.216510
-4.514410 -5.146330 2.139910
-4.523980 -4.150570 3.059070
-3.758010 -3.585670 4.179300
-2.580340 -4.658020 4.629300
-2.082470 -6.391020 4.054830
-2.513320 -6.678260 3.202690
-3.011200 -5.711230 3.279290
-2.704810 -4.284620 3.968660
-1.259050 -4.600580 5.213350
0.292020 -6.008040 5.232500
0.646280 -7.319750 4.648450
0.799480 -8.200610 4.801640
0.962240 -7.779330 5.921870
-2.580340 -4.658020 4.629300
-2.082470 -6.391020 4.054830
-2.513320 -6.678260 3.202690
-3.011200 -5.711230 3.279290
-2.704810 -4.284620 3.968660
-1.259050 -4.600580 5.213350
0.292020 -6.008040 5.232500
0.646280 -7.319750 4.648450
0.799480 -8.200610 4.801640
0.962240 -7.779330 5.921870
1.546290 -6.841020 6.994220
1.938850 -6.333570 7.396350
2.092040 -6.927190 7.329330
2.475020 -7.683580 7.233580
2.982480 -7.003790 6.984640
3.470780 -5.692080 6.391020
4.006950 -5.759100 6.055910
4.753770 -6.687830 6.496340
5.270800 -6.678260 7.204860
5.481440 -6.391020 7.597410
1.546290 -6.841020 6.994220
1.938850 -6.333570 7.396350
2.092040 -6.927190 7.329330
