5.787820 -5.328240 7.080390
5.663350 -5.538880 6.142080
5.701650 -6.142080 6.055910
5.634630 -6.908050 6.774000
5.730370 -7.243150 7.405920
6.046330 -8.047420 8.248480
6.429320 -9.272960 8.507000
6.161230 -10.575100 8.736790
5.663350 -12.001710 9.100620
5.136750 -11.666600 8.047420
4.409090 -11.551710 7.721880
4.054830 -12.997470 7.530390
3.758010 -13.208110 6.572940
3.011200 -12.040010 5.203770
2.063320 -11.207020 3.930360
6.046330 -8.047420 8.248480
6.429320 -9.272960 8.507000
6.161230 -10.575100 8.736790
5.663350 -12.001710 9.100620
5.136750 -11.666600 8.047420
4.409090 -11.551710 7.721880
4.054830 -12.997470 7.530390
3.758010 -13.208110 6.572940
3.011200 -12.040010 5.203770
2.063320 -11.207020 3.930360
1.211180 -10.105950 2.570770
0.694160 -9.703820 1.268630
0.540960 -8.957000 0.090960
0.033510 -8.382530 -1.172880
-0.253730 -8.641040 -2.139910
-0.397340 -8.727210 -3.528230
-0.856920 -8.219760 -4.514410
-1.709060 -8.047420 -6.324000
-2.465450 -7.769760 -8.056990
-2.025020 -8.430400 -9.253810
1.211180 -10.105950 2.570770
0.694160 -9.703820 1.268630
0.540960 -8.957000 0.090960
0.033510 -8.382530 -1.172880
-0.253730 -8.641040 -2.139910
-0.397340 -8.727210 -3.528230
-0.856920 -8.219760 -4.514410
-1.709060 -8.047420 -6.324000
-2.465450 -7.769760 -8.056990
-2.025020 -8.430400 -9.253810
-1.776080 -7.855930 -9.876160
-1.958000 -7.128260 -9.694240
-2.044170 -7.539970 -9.397430
-1.460120 -7.377200 -9.119770
-0.397340 -7.185710 -8.583590
1.259050 -7.434650 -6.687830
3.623970 -8.765510 -2.178210
6.266550 -11.580430 6.055910
19.115610 -7.654860 14.337900
0.943090 2.264380 -17.258140
-1.776080 -7.855930 -9.876160
-1.958000 -7.128260 -9.694240
-2.044170 -7.539970 -9.397430
-1.460120 -7.377200 -9.119770
-0.397340 -7.185710 -8.583590
1.259050 -7.434650 -6.687830
3.623970 -8.765510 -2.178210
6.266550 -11.580430 6.055910
19.115610 -7.654860 14.337900
0.943090 2.264380 -17.258140
2.551620 -18.550710 6.209100
-10.163400 -2.647370 10.479360
-3.614400 -4.121850 8.928280
2.704810 -10.144250 4.476110
-1.622890 -9.244240 2.475020
-4.849520 -7.501670 2.063320
-5.050580 -5.328240 1.096290
-5.050580 -6.333570 -1.048410
-6.601660 -7.922950 -4.964410
-7.549540 -7.846350 -8.459130
-8.468700 -6.094210 -11.005960
-9.722970 -4.849520 -12.470860
-10.259140 -4.093120 -13.208110
-9.818710 -3.145240 -13.868750
-9.349560 -2.532470 -14.988970
-9.416580 -2.446300 -15.199610
-7.674010 -3.106940 -12.700650
-4.811220 -3.825040 -8.842110
-1.996300 -5.787820 -3.097370
12.174050 -16.511330 16.224090
2.551620 -18.550710 6.209100
-10.163400 -2.647370 10.479360
-3.614400 -4.121850 8.928280
2.704810 -10.144250 4.476110
-1.622890 -9.244240 2.475020
-4.849520 -7.501670 2.063320
-5.050580 -5.328240 1.096290
-5.050580 -6.333570 -1.048410
-6.601660 -7.922950 -4.964410
-7.549540 -7.846350 -8.459130
-8.468700 -6.094210 -11.005960
-9.722970 -4.849520 -12.470860
-10.259140 -4.093120 -13.208110
-9.818710 -3.145240 -13.868750
-9.349560 -2.532470 -14.988970
-9.416580 -2.446300 -15.199610
-7.674010 -3.106940 -12.700650
-4.811220 -3.825040 -8.842110
-1.996300 -5.787820 -3.097370
12.174050 -16.511330 16.224090
11.915540 8.124010 -12.518740
-0.052660 12.729380 11.800650
-8.688910 -7.099540 14.165560
-14.969830 -11.944260 0.962240
-1.278200 -8.784660 1.651610
1.239910 -4.581430 3.461200
-2.379280 -4.705900 0.933520
-4.188870 -7.358050 -0.234580
-4.083550 -7.262300 0.157980
-3.652690 -5.347390 1.507990
11.915540 8.124010 -12.518740
-0.052660 12.729380 11.800650
-8.688910 -7.099540 14.165560
-14.969830 -11.944260 0.962240
-1.278200 -8.784660 1.651610
1.239910 -4.581430 3.461200
-2.379280 -4.705900 0.933520
-4.188870 -7.358050 -0.234580
-4.083550 -7.262300 0.157980
-3.652690 -5.347390 1.507990
-3.461200 -4.389940 2.178210
-3.250560 -4.648450 2.044170
-2.838860 -5.423990 1.709060
-3.001620 -5.117600 1.527140
-2.915450 -5.596330 1.718630
-2.178210 -6.419740 2.130340
-1.517570 -7.022940 2.599490
-1.077140 -6.726130 4.169720
-0.914370 -6.027190 5.443140
-0.914370 -5.605900 5.759100
-3.461200 -4.389940 2.178210
-3.250560 -4.648450 2.044170
-2.838860 -5.423990 1.709060
-3.001620 -5.117600 1.527140
-2.915450 -5.596330 1.718630
-2.178210 -6.419740 2.130340
-1.517570 -7.022940 2.599490
-1.077140 -6.726130 4.169720
-0.914370 -6.027190 5.443140
-0.914370 -5.605900 5.759100
-0.933520 -6.410170 5.041010
-0.397340 -8.277210 4.227170
-0.560110 -7.597410 3.920780
-0.378200 -5.931440 5.510160
0.311170 -5.175050 6.984640
1.278200 -5.979310 7.645290
2.149490 -8.076140 7.894220
2.714390 -9.234660 7.568690
2.829280 -7.712310 7.003790
2.695240 -4.839940 6.410170
-0.933520 -6.410170 5.041010
-0.397340 -8.277210 4.227170
-0.560110 -7.597410 3.920780
-0.378200 -5.931440 5.510160
0.311170 -5.175050 6.984640
1.278200 -5.979310 7.645290
2.149490 -8.076140 7.894220
2.714390 -9.234660 7.568690
2.829280 -7.712310 7.003790
2.695240 -4.839940 6.410170
3.078220 -4.370790 6.869750
4.217590 -6.955920 7.654860
5.395260 -9.186790 7.942100
5.730370 -8.439980 7.444220
5.452710 -6.706980 7.568690
5.299520 -5.941020 7.913370
5.538880 -5.988890 8.305930
5.778250 -5.873990 7.999550
5.759100 -6.046330 7.453800
5.739950 -6.381440 6.946340
3.078220 -4.370790 6.869750
4.217590 -6.955920 7.654860
5.395260 -9.186790 7.942100
5.730370 -8.439980 7.444220
5.452710 -6.706980 7.568690
5.299520 -5.941020 7.913370
5.538880 -5.988890 8.305930
5.778250 -5.873990 7.999550
5.759100 -6.046330 7.453800
5.739950 -6.381440 6.946340
5.931440 -6.295270 6.697400
6.314420 -6.065480 7.022940
6.515490 -6.132510 7.252730
