9.655940 -8.535720 3.652690
9.196370 -9.119770 3.413330
9.024020 -9.933610 3.049500
9.071900 -11.187870 3.164390
8.631470 -11.724050 3.106940
8.392100 -11.848520 2.810130
8.037840 -11.331490 1.910120
7.358050 -11.590010 1.029270
6.706980 -11.819790 0.607980
6.515490 -12.394270 1.057990
6.841020 -12.250650 1.402670
6.458040 -11.570860 1.048410
5.404840 -11.235750 0.359050
4.667600 -11.379360 -0.665430
4.303770 -10.958080 -1.144160
4.026100 -10.594250 -0.837770
8.037840 -11.331490 1.910120
7.358050 -11.590010 1.029270
6.706980 -11.819790 0.607980
6.515490 -12.394270 1.057990
6.841020 -12.250650 1.402670
6.458040 -11.570860 1.048410
5.404840 -11.235750 0.359050
4.667600 -11.379360 -0.665430
4.303770 -10.958080 -1.144160
4.026100 -10.594250 -0.837770
3.576100 -9.780410 -0.684580
3.078220 -8.497420 -0.923950
2.561200 -8.736790 -1.086710
2.187790 -8.784660 -1.383520
1.517570 -7.798480 -1.622890
0.493090 -6.726130 -1.977150
-0.320750 -6.486770 -2.455870
-0.483520 -5.893140 -2.513320
-0.607980 -4.916540 -2.743110
-1.182460 -4.428230 -3.078220
3.576100 -9.780410 -0.684580
3.078220 -8.497420 -0.923950
2.561200 -8.736790 -1.086710
2.187790 -8.784660 -1.383520
1.517570 -7.798480 -1.622890
0.493090 -6.726130 -1.977150
-0.320750 -6.486770 -2.455870
-0.483520 -5.893140 -2.513320
-0.607980 -4.916540 -2.743110
-1.182460 -4.428230 -3.078220
-1.689910 -4.686750 -3.221840
-1.843100 -5.184620 -3.365460
-1.364370 -4.897390 -2.647370
-0.722880 -5.433560 -1.115440
-0.167550 -5.605900 1.182460
1.029270 -5.481440 10.402760
12.499590 -6.285700 19.594340
6.055910 -10.192120 5.931440
-1.756930 -5.845270 2.953750
-8.487850 -1.948420 5.031430
-1.689910 -4.686750 -3.221840
-1.843100 -5.184620 -3.365460
-1.364370 -4.897390 -2.647370
-0.722880 -5.433560 -1.115440
-0.167550 -5.605900 1.182460
1.029270 -5.481440 10.402760
12.499590 -6.285700 19.594340
6.055910 -10.192120 5.931440
-1.756930 -5.845270 2.953750
-8.487850 -1.948420 5.031430
-6.726130 -5.672930 3.375030
-0.751600 -8.870830 2.676090
-2.427150 -8.727210 2.398430
-4.926110 -7.262300 2.360130
-6.132510 -5.797400 1.527140
-6.572940 -6.505910 -0.071810
-6.735700 -7.233580 -1.661190
-6.984640 -6.965490 -3.202690
-8.114440 -6.228250 -4.878240
-9.004870 -6.592080 -5.893140
-6.726130 -5.672930 3.375030
-0.751600 -8.870830 2.676090
-2.427150 -8.727210 2.398430
-4.926110 -7.262300 2.360130
-6.132510 -5.797400 1.527140
-6.572940 -6.505910 -0.071810
-6.735700 -7.233580 -1.661190
-6.984640 -6.965490 -3.202690
-8.114440 -6.228250 -4.878240
-9.004870 -6.592080 -5.893140
-8.564440 -7.434650 -6.553790
-7.530390 -7.597410 -7.080390
-6.927190 -7.291030 -7.252730
-6.410170 -6.687830 -6.572940
-5.558030 -6.716550 -4.983560
-4.322910 -7.817630 -2.254810
-2.972900 -10.192120 5.299520
11.111280 -16.990060 19.594340
9.464450 -3.116520 8.698490
-0.684580 -0.665430 5.672930
-8.564440 -7.434650 -6.553790
-7.530390 -7.597410 -7.080390
-6.927190 -7.291030 -7.252730
-6.410170 -6.687830 -6.572940
-5.558030 -6.716550 -4.983560
-4.322910 -7.817630 -2.254810
-2.972900 -10.192120 5.299520
11.111280 -16.990060 19.594340
9.464450 -3.116520 8.698490
-0.684580 -0.665430 5.672930
-8.056990 -5.663350 5.500590
-10.450630 -7.788900 1.125010
-1.689910 -8.363380 1.019690
-0.876070 -7.970820 1.220760
-2.925030 -7.463370 2.092040
-3.834610 -6.639960 2.752690
-4.016530 -6.151650 1.986720
-4.198450 -5.692080 1.268630
-4.820790 -5.414410 1.517570
-4.897390 -5.988890 2.226090
-8.056990 -5.663350 5.500590
-10.450630 -7.788900 1.125010
-1.689910 -8.363380 1.019690
-0.876070 -7.970820 1.220760
-2.925030 -7.463370 2.092040
-3.834610 -6.639960 2.752690
-4.016530 -6.151650 1.986720
-4.198450 -5.692080 1.268630
-4.820790 -5.414410 1.517570
-4.897390 -5.988890 2.226090
-4.006950 -6.132510 2.695240
-3.528230 -5.175050 2.915450
-3.461200 -5.423990 2.570770
-3.690990 -5.739950 1.766510
-3.853760 -5.548460 1.230330
-3.269710 -6.697400 1.565440
-1.804800 -7.961250 2.446300
-1.546290 -6.678260 3.231410
-2.417580 -5.280370 3.681420
-2.972900 -5.117600 3.930360
-4.006950 -6.132510 2.695240
-3.528230 -5.175050 2.915450
-3.461200 -5.423990 2.570770
-3.690990 -5.739950 1.766510
-3.853760 -5.548460 1.230330
-3.269710 -6.697400 1.565440
-1.804800 -7.961250 2.446300
-1.546290 -6.678260 3.231410
-2.417580 -5.280370 3.681420
-2.972900 -5.117600 3.930360
-1.881400 -6.448470 5.002710
-0.282450 -6.362300 5.586760
0.090960 -4.935690 6.008040
0.033510 -4.275040 6.276120
0.071810 -4.562280 6.218680
0.684580 -6.151650 6.400590
2.034590 -8.593170 6.994220
2.800560 -8.899550 6.927190
2.580340 -7.606990 6.994220
2.206940 -6.774000 6.955920
-1.881400 -6.448470 5.002710
-0.282450 -6.362300 5.586760
0.090960 -4.935690 6.008040
0.033510 -4.275040 6.276120
0.071810 -4.562280 6.218680
0.684580 -6.151650 6.400590
2.034590 -8.593170 6.994220
2.800560 -8.899550 6.927190
2.580340 -7.606990 6.994220
2.206940 -6.774000 6.955920
2.120770 -6.161230 6.841020
2.819710 -6.132510 6.908050
3.920780 -6.764430 6.735700
4.648450 -6.687830 6.438890
4.906960 -6.639960 6.563360
5.644200 -7.702730 7.118690
6.534640 -8.612320 7.434650
6.735700 -8.325080 7.214430
6.496340 -7.128260 7.118690
6.199530 -5.596330 7.042090
2.120770 -6.161230 6.841020
2.819710 -6.132510 6.908050
3.920780 -6.764430 6.735700
4.648450 -6.687830 6.438890
4.906960 -6.639960 6.563360
5.644200 -7.702730 7.118690
6.534640 -8.612320 7.434650
6.735700 -8.325080 7.214430
6.496340 -7.128260 7.118690
6.199530 -5.596330 7.042090
6.113360 -5.136750 7.099540
6.285700 -5.376120 6.994220
