7.817630 -11.207020 1.057990
7.329330 -12.738950 1.795230
6.984640 -15.170890 2.072890
6.898470 -15.573020 1.938850
10.622970 -7.291030 0.627130
10.115520 -8.775080 0.368620
9.751690 -11.274040 0.339900
9.330410 -12.595330 0.100530
8.813380 -12.528310 0.828200
8.401680 -11.886820 1.575020
7.817630 -11.207020 1.057990
7.329330 -12.738950 1.795230
6.984640 -15.170890 2.072890
6.898470 -15.573020 1.938850
7.013370 -15.190040 1.565440
6.793150 -15.142170 0.789900
6.668680 -14.538970 1.373950
7.147410 -14.902800 2.982480
7.654860 -13.993220 2.063320
7.089960 -13.246400 0.397340
6.180380 -14.337900 0.320750
6.103780 -12.470860 1.019690
5.567610 -9.138920 0.550540
4.428230 -8.717640 0.263300
4.361210 -9.588920 0.387770
4.083550 -7.444220 0.550540
2.944180 -4.677170 0.454790
1.364370 -3.461200 0.483520
0.675010 -3.844190 0.904800
0.588840 -4.361210 1.057990
0.780330 -4.571850 0.569690
0.148410 -2.542050 -0.416490
-1.182460 -0.914370 -0.789900
-2.388850 -0.847350 -0.694160
7.013370 -15.190040 1.565440
6.793150 -15.142170 0.789900
6.668680 -14.538970 1.373950
7.147410 -14.902800 2.982480
7.654860 -13.993220 2.063320
7.089960 -13.246400 0.397340
6.180380 -14.337900 0.320750
6.103780 -12.470860 1.019690
5.567610 -9.138920 0.550540
4.428230 -8.717640 0.263300
4.361210 -9.588920 0.387770
4.083550 -7.444220 0.550540
2.944180 -4.677170 0.454790
1.364370 -3.461200 0.483520
0.675010 -3.844190 0.904800
0.588840 -4.361210 1.057990
0.780330 -4.571850 0.569690
0.148410 -2.542050 -0.416490
-1.182460 -0.914370 -0.789900
-2.388850 -0.847350 -0.694160
-2.503750 -0.914370 -0.263300
-2.226090 -0.636710 0.014360
-2.273960 -0.378200 0.100530
-3.183540 0.090960 -0.014360
-4.466530 -0.196280 -0.426070
-4.562280 -0.856920 1.354800
-1.651610 -2.340980 10.335740
9.138920 -7.051660 19.594340
0.100530 -4.744190 13.792150
-7.559120 -6.955920 7.769760
-2.503750 -0.914370 -0.263300
-2.226090 -0.636710 0.014360
-2.273960 -0.378200 0.100530
-3.183540 0.090960 -0.014360
-4.466530 -0.196280 -0.426070
-4.562280 -0.856920 1.354800
-1.651610 -2.340980 10.335740
9.138920 -7.051660 19.594340
0.100530 -4.744190 13.792150
-7.559120 -6.955920 7.769760
-11.130430 -1.958000 7.415500
-3.461200 -4.820790 10.163400
-3.049500 -7.070810 7.922950
-6.888900 -4.983560 6.841020
-8.047420 -3.576100 5.280370
-7.453800 -2.417580 2.762260
-7.338900 -1.297350 0.885650
-7.539970 -0.215430 -0.100530
-7.731460 0.378200 -0.636710
-7.798480 0.636710 -1.517570
-11.130430 -1.958000 7.415500
-3.461200 -4.820790 10.163400
-3.049500 -7.070810 7.922950
-6.888900 -4.983560 6.841020
-8.047420 -3.576100 5.280370
-7.453800 -2.417580 2.762260
-7.338900 -1.297350 0.885650
-7.539970 -0.215430 -0.100530
-7.731460 0.378200 -0.636710
-7.798480 0.636710 -1.517570
-7.894220 1.010120 -2.580340
-7.827200 1.670760 -3.164390
-7.434650 1.239910 -2.982480
-7.013370 0.933520 -2.513320
-7.099540 1.316500 -1.804800
-6.869750 1.527140 -0.981390
-5.289940 0.809050 0.943090
-3.346310 0.157980 5.184620
0.732450 -7.051660 16.942180
11.341070 -16.291120 19.594340
-7.894220 1.010120 -2.580340
-7.827200 1.670760 -3.164390
-7.434650 1.239910 -2.982480
-7.013370 0.933520 -2.513320
-7.099540 1.316500 -1.804800
-6.869750 1.527140 -0.981390
-5.289940 0.809050 0.943090
-3.346310 0.157980 5.184620
0.732450 -7.051660 16.942180
11.341070 -16.291120 19.594340
-1.670760 -9.512330 10.421910
-9.885730 -3.518650 2.877160
-12.135760 2.340980 5.739950
-2.015450 -3.595250 7.109110
-2.053740 -3.212260 5.098450
-5.663350 -2.245230 4.313340
-6.764430 -0.885650 3.145240
-5.921870 0.004790 3.164390
-5.481440 -0.023940 3.011200
-5.318670 -0.349470 2.503750
-1.670760 -9.512330 10.421910
-9.885730 -3.518650 2.877160
-12.135760 2.340980 5.739950
-2.015450 -3.595250 7.109110
-2.053740 -3.212260 5.098450
-5.663350 -2.245230 4.313340
-6.764430 -0.885650 3.145240
-5.921870 0.004790 3.164390
-5.481440 -0.023940 3.011200
-5.318670 -0.349470 2.503750
-4.916540 -0.560110 2.331410
-4.562280 -0.588840 2.484600
-4.284620 -0.703730 2.944180
-4.083550 -0.473940 3.260140
-3.758010 -0.435640 3.403760
-3.298440 -0.904800 3.681420
-3.001620 -1.881400 4.160150
-2.810130 -3.298440 4.830370
-2.494170 -4.054830 4.954840
-2.101620 -4.026100 5.203770
-4.916540 -0.560110 2.331410
-4.562280 -0.588840 2.484600
-4.284620 -0.703730 2.944180
-4.083550 -0.473940 3.260140
-3.758010 -0.435640 3.403760
-3.298440 -0.904800 3.681420
-3.001620 -1.881400 4.160150
-2.810130 -3.298440 4.830370
-2.494170 -4.054830 4.954840
-2.101620 -4.026100 5.203770
-2.015450 -4.217590 5.165480
-1.785660 -4.973980 5.423990
-1.000540 -6.170800 5.644200
-0.148410 -7.281450 6.256970
0.627130 -7.511240 7.156980
0.742030 -6.103780 7.779330
0.636710 -5.108030 7.750610
1.278200 -5.634630 7.903800
2.561200 -8.238910 7.645290
3.518650 -9.751690 7.214430
-2.015450 -4.217590 5.165480
-1.785660 -4.973980 5.423990
-1.000540 -6.170800 5.644200
-0.148410 -7.281450 6.256970
0.627130 -7.511240 7.156980
0.742030 -6.103780 7.779330
0.636710 -5.108030 7.750610
1.278200 -5.634630 7.903800
2.561200 -8.238910 7.645290
3.518650 -9.751690 7.214430
3.738870 -8.822960 7.539970
3.260140 -6.735700 7.942100
3.288860 -6.122930 8.143160
4.006950 -7.310180 8.143160
4.993130 -8.851680 7.760180
5.337820 -8.325080 7.539970
5.385690 -7.300600 7.779330
5.605900 -6.831450 8.152740
5.845270 -6.668680 8.018690
5.835700 -6.697400 7.358050
3.738870 -8.822960 7.539970
3.260140 -6.735700 7.942100
3.288860 -6.122930 8.143160
4.006950 -7.310180 8.143160
