2.168640 -7.156980 9.052750
1.718630 -6.639960 9.253810
1.651610 -7.674010 9.512330
1.527140 -8.545290 8.439980
0.885650 -8.669760 6.697400
0.148410 -7.578260 5.491010
-0.742030 -7.386770 5.768670
-0.493090 -8.325080 6.697400
-0.253730 -8.085720 5.835700
-0.856920 -8.028270 4.150570
-1.929270 -8.315510 2.963330
-2.092040 -8.056990 3.614400
-1.460120 -7.271880 5.002710
-1.603740 -6.352720 4.342060
-2.992050 -5.768670 3.020770
-3.719720 -5.510160 2.637790
-0.742030 -7.386770 5.768670
-0.493090 -8.325080 6.697400
-0.253730 -8.085720 5.835700
-0.856920 -8.028270 4.150570
-1.929270 -8.315510 2.963330
-2.092040 -8.056990 3.614400
-1.460120 -7.271880 5.002710
-1.603740 -6.352720 4.342060
-2.992050 -5.768670 3.020770
-3.719720 -5.510160 2.637790
-3.911210 -5.309090 2.714390
-3.604820 -5.337820 3.432480
-3.633550 -4.801640 3.145240
-4.073980 -3.576100 2.599490
-4.897390 -2.599490 1.498420
-5.356970 -2.589920 0.646280
-4.725050 -3.413330 1.967570
-4.121850 -3.719720 2.762260
-4.782490 -3.250560 2.599490
-4.993130 -3.087800 2.340980
-3.911210 -5.309090 2.714390
-3.604820 -5.337820 3.432480
-3.633550 -4.801640 3.145240
-4.073980 -3.576100 2.599490
-4.897390 -2.599490 1.498420
-5.356970 -2.589920 0.646280
-4.725050 -3.413330 1.967570
-4.121850 -3.719720 2.762260
-4.782490 -3.250560 2.599490
-4.993130 -3.087800 2.340980
-4.504830 -3.011200 2.532470
-4.418660 -2.340980 2.685660
-4.954840 -2.273960 2.283530
-4.715470 -2.417580 2.321830
-3.978230 -2.484600 3.039920
-2.810130 -1.996300 5.050580
2.647370 -1.536720 15.553870
13.734710 6.477190 18.234750
1.488840 -7.750610 8.688910
-6.841020 -4.906960 7.827200
-4.504830 -3.011200 2.532470
-4.418660 -2.340980 2.685660
-4.954840 -2.273960 2.283530
-4.715470 -2.417580 2.321830
-3.978230 -2.484600 3.039920
-2.810130 -1.996300 5.050580
2.647370 -1.536720 15.553870
13.734710 6.477190 18.234750
1.488840 -7.750610 8.688910
-6.841020 -4.906960 7.827200
-13.811300 7.080390 7.089960
-2.599490 -2.321830 9.004870
-1.383520 -4.121850 6.458040
-6.448470 -2.628220 5.912290
-7.846350 -2.867580 5.615480
-7.271880 -2.302680 4.437810
-8.392100 -2.781410 3.049500
-8.870830 -3.097370 1.881400
-8.526150 -2.972900 1.153730
-8.765510 -2.819710 0.684580
-13.811300 7.080390 7.089960
-2.599490 -2.321830 9.004870
-1.383520 -4.121850 6.458040
-6.448470 -2.628220 5.912290
-7.846350 -2.867580 5.615480
-7.271880 -2.302680 4.437810
-8.392100 -2.781410 3.049500
-8.870830 -3.097370 1.881400
-8.526150 -2.972900 1.153730
-8.765510 -2.819710 0.684580
-9.751690 -2.925030 -0.359050
-9.751690 -3.059070 -0.866500
-8.660190 -2.953750 -0.607980
-8.056990 -3.097370 -1.105860
-8.526150 -3.231410 -2.369700
-8.248480 -3.317590 -2.848430
-6.888900 -3.317590 -2.149490
-5.002710 -2.944180 0.694160
-1.632460 -3.509080 7.511240
16.128350 0.043090 19.594340
-9.751690 -2.925030 -0.359050
-9.751690 -3.059070 -0.866500
-8.660190 -2.953750 -0.607980
-8.056990 -3.097370 -1.105860
-8.526150 -3.231410 -2.369700
-8.248480 -3.317590 -2.848430
-6.888900 -3.317590 -2.149490
-5.002710 -2.944180 0.694160
-1.632460 -3.509080 7.511240
16.128350 0.043090 19.594340
6.544210 -1.450550 14.720890
-3.240990 -10.479360 9.742120
-16.750690 5.644200 5.165480
-5.797400 -0.531390 11.130430
1.575020 -5.682500 6.400590
-3.451630 -3.844190 5.385690
-6.879320 -3.595250 7.070810
-5.165480 -3.097370 7.530390
-4.380360 -3.633550 6.841020
-5.519730 -3.872910 4.150570
6.544210 -1.450550 14.720890
-3.240990 -10.479360 9.742120
-16.750690 5.644200 5.165480
-5.797400 -0.531390 11.130430
1.575020 -5.682500 6.400590
-3.451630 -3.844190 5.385690
-6.879320 -3.595250 7.070810
-5.165480 -3.097370 7.530390
-4.380360 -3.633550 6.841020
-5.519730 -3.872910 4.150570
-6.391020 -3.059070 3.499500
-5.529310 -3.106940 4.973980
-4.753770 -3.892060 5.893140
-4.198450 -3.279290 6.008040
-4.303770 -1.584590 4.543130
-4.906960 -1.680340 2.637790
-5.155900 -3.671840 1.431400
-4.035680 -4.619720 2.743110
-2.676090 -3.442050 5.873990
-1.766510 -1.910120 8.459130
-6.391020 -3.059070 3.499500
-5.529310 -3.106940 4.973980
-4.753770 -3.892060 5.893140
-4.198450 -3.279290 6.008040
-4.303770 -1.584590 4.543130
-4.906960 -1.680340 2.637790
-5.155900 -3.671840 1.431400
-4.035680 -4.619720 2.743110
-2.676090 -3.442050 5.873990
-1.766510 -1.910120 8.459130
-2.340980 -1.230330 7.434650
-3.786740 -1.239910 5.309090
-4.275040 -1.517570 4.428230
-3.987800 -0.962240 4.389940
-3.499500 -0.023940 4.600580
-3.106940 0.148410 4.820790
-2.522900 -0.675010 5.069730
-2.139910 -1.881400 4.725050
-2.168640 -1.153730 4.026100
-1.689910 0.301600 3.068650
-2.340980 -1.230330 7.434650
-3.786740 -1.239910 5.309090
-4.275040 -1.517570 4.428230
-3.987800 -0.962240 4.389940
-3.499500 -0.023940 4.600580
-3.106940 0.148410 4.820790
-2.522900 -0.675010 5.069730
-2.139910 -1.881400 4.725050
-2.168640 -1.153730 4.026100
-1.689910 0.301600 3.068650
-0.110110 -0.722880 3.116520
1.364370 -3.183540 3.920780
2.609070 -5.289940 5.778250
3.470780 -6.410170 7.386770
3.825040 -5.806970 7.291030
4.016530 -3.834610 6.391020
4.648450 -4.658020 6.448470
5.577180 -7.032510 7.501670
6.812300 -6.860170 9.359130
7.549540 -6.649530 10.105950
-0.110110 -0.722880 3.116520
1.364370 -3.183540 3.920780
2.609070 -5.289940 5.778250
3.470780 -6.410170 7.386770
3.825040 -5.806970 7.291030
4.016530 -3.834610 6.391020
4.648450 -4.658020 6.448470
5.577180 -7.032510 7.501670
6.812300 -6.860170 9.359130
7.549540 -6.649530 10.105950
7.894220 -7.233580 9.263390
8.037840 -7.310180 8.612320
