-4.563710681254 1.404789478413 2.294340344662
-4.390824800906 1.341143100008 2.221510146749
-4.217938920458 1.277496721647 2.148679948606
-4.045053039820 1.213850343376 2.075849750018
-3.872167158815 1.150203965286 2.003019550591
-3.699281277133 1.086557587568 1.930189349686
-3.526395394332 1.022911210659 1.857359146573
-3.353509510342 0.959264835763 1.784528941685
-3.180623628478 0.895618467033 1.711698742125
-3.007737769339 0.831972120900 1.638868581569
-2.834852027882 0.768325864802 1.566038585097
-2.661966791574 0.704679970835 1.493209164481
-2.489083527747 0.641035496472 1.420381569888
-2.316207429097 0.577396403240 1.347559415739
-2.143354901447 0.513777622874 1.274753971317
-1.970565693041 0.450246161703 1.202017266172
-1.797914639304 0.387232518345 1.129695818740
-1.626175605220 0.327895768362 1.059835970048
-1.464896735262 0.289681551648 0.999468780353
-1.356483866781 0.313599276037 0.950373332251
-1.324547615921 0.379631844914 0.879257272233
-1.306359537822 0.413584613332 0.772303434309
-1.272275082592 0.414901316490 0.649611586178
-1.229319218151 0.407562661427 0.521943346628
-1.189768927304 0.417299486748 0.389699522896
-1.169791855223 0.490947171798 0.244858134306
-1.166702466869 0.659322123351 0.077606248802
-1.125472653500 0.802785699164 -0.092145431563
-1.037285936580 0.854632451859 -0.246244758384
-0.931055433368 0.867574681972 -0.392177603212
-0.819155966656 0.870377692783 -0.535734324609
-0.705226680802 0.869821273230 -0.678628274142
-0.590827346371 0.867197136043 -0.821329461910
-0.477040744624 0.862387815034 -0.963855191439
-0.365060797533 0.854412830067 -1.105764168114
-0.256684518884 0.841206578221 -1.245792340929
-0.154928596885 0.819031112893 -1.381040641414
-0.064799364022 0.781658005072 -1.505507943135
0.006204865835 0.719943358678 -1.608105875368
0.049362488029 0.623712974536 -1.671867633392
0.060155577237 0.488748121905 -1.678970250029
0.046606106938 0.326766257427 -1.624641216914
0.030018434849 0.165142242562 -1.528219171531
0.031455804051 0.029341953817 -1.422276562743
0.059024678478 -0.072131766004 -1.330166485999
0.109315281537 -0.144806080432 -1.258365853356
0.175212686818 -0.198160008504 -1.203389053802
0.250672737467 -0.239878270703 -1.159465654548
0.331776579149 -0.274790980485 -1.121941421671
0.416272138250 -0.305588384751 -1.087850334204
0.502921503180 -0.333691191390 -1.055523064427
0.591032862504 -0.359849744385 -1.024092323430
0.680188354575 -0.384484145427 -0.993132527907
0.770101848660 -0.407858611584 -0.962443032053
0.860549327512 -0.430164989174 -0.931931823892
0.951334763266 -0.451560286849 -0.901564198471
1.042263639672 -0.472179830018 -0.871382700744
1.133081321611 -0.492130057670 -0.841737957903
1.223305722046 -0.511465975405 -0.814250911510
1.312087812204 -0.530302701133 -0.794626681729
1.399761042403 -0.549939514396 -0.797282952837
1.496865755339 -0.577299336280 -0.840747118192
1.641334716059 -0.630860796550 -0.902327118369
1.879289885502 -0.727167040132 -0.870746777392
2.197354841262 -0.852910916636 -0.660615305072
2.543816392726 -0.983090660129 -0.312679616726
2.892950699313 -1.108195634522 0.103911751710
3.246883789698 -1.230532856412 0.557661253514
3.620442156312 -1.357014038192 1.050451824043
4.029674739836 -1.497308976765 1.604366737976
4.454239601703 -1.657328795141 2.227883901635
4.760287752144 -1.814068065451 2.819517592384
4.787802757754 -1.915353293276 3.184592622999
4.598807674776 -1.953124394747 3.311301468345
4.339048357643 -1.960038164927 3.330006946860
4.068652049045 -1.957295709757 3.317754645137
3.797880161832 -1.951706400320 3.297133440249
3.526955565497 -1.945057890737 3.273417338160
3.255670100798 -1.937908778988 3.248152153582
2.984105407611 -1.930500722624 3.222044500770
2.712386261656 -1.922956407409 3.195479003641
2.440593438878 -1.915339737018 3.168664639275
2.168768255155 -1.907684004964 3.141713067080
1.896929950107 -1.900006713279 3.114684107981
1.625087090664 -1.892317230272 3.087610351532
1.353243351316 -1.884620683309 3.060509956863
1.081400218472 -1.876919945220 3.033393286734
