-3.041977044466 0.995753606583 1.415867389350
-3.218834398230 1.059210057310 1.488348913266
-3.395691751994 1.122666508037 1.560830437181
-3.572549105758 1.186122958764 1.633311961097
-3.749406459521 1.249579409491 1.705793485012
-3.926263813285 1.313035860218 1.778275008928
-4.103121167049 1.376492310946 1.850756532843
-4.279978520818 1.439948761674 1.923238056760
-4.456835874635 1.503405212421 1.995719580689
-4.633693228923 1.566861663339 2.068201104734
-4.810550587307 1.630318115754 2.140682629781
-4.987407977121 1.693774579700 2.213164162430
-5.164265579978 1.757231122169 2.285645745893
-5.341124454335 1.820688135997 2.358127627355
-5.517989984731 1.884147635348 2.430611033561
-5.694885904618 1.947618591870 2.503101188716
-5.871901775298 2.011135368022 2.575616818824
-6.049320510492 2.074809013249 2.648212197270
-6.227851835836 2.138929548986 2.721001168183
-6.408690130382 2.204034893108 2.794078110426
-6.592060344360 2.270458680186 2.867007758667
-6.772636562000 2.336604793916 2.937804268754
-6.938487422367 2.398099999371 3.003574095809
-7.084066720726 2.452308879608 3.064147123324
-7.216299653461 2.501262346788 3.122191889288
-7.343559729677 2.547980270260 3.179833707782
-7.470038386134 2.594135117361 3.237817894230
-7.597306874492 2.640435190163 3.296248104189
-7.726379147461 2.687369370087 3.355083307137
-7.858730959164 2.735628318003 3.414248175227
-7.994208823276 2.785287461001 3.473292038063
-8.118689063436 2.830658893720 3.530370140378
-8.202723233155 2.859325516091 3.583475423549
-8.253326354526 2.873744884531 3.634767862617
-8.298828233604 2.885710665890 3.686702590424
-8.348018219409 2.899077641020 3.739390406798
-8.400774111496 2.913920505166 3.792402910808
-8.457216754077 2.930398449411 3.845383462945
-8.518459919506 2.949117061615 3.897951599968
-8.578203365076 2.967362502334 3.949913875289
-8.604380524829 2.970582470356 4.002697327037
-8.578369049944 2.949928921422 4.058420657844
-8.534019440743 2.920633418756 4.116002436422
-8.492030931529 2.892277601902 4.173916154489
-8.453888554153 2.865664257243 4.231691017353
-8.418816855849 2.840528108907 4.289114850114
-8.387542686909 2.817322947019 4.345834426681
-8.360226067536 2.796270063815 4.401506624612
-8.325323932453 2.771862680434 4.457543391048
-8.249015558573 2.727259767695 4.519619852074
-8.123030782142 2.657767156742 4.590383992519
-7.981773429892 2.580273332414 4.664611946729
-7.843431650387 2.504054640037 4.738802602816
-7.709030939080 2.429810786113 4.812415474850
-7.577038346073 2.356890260938 4.885538478774
-7.446572031407 2.284954066902 4.958229326764
-7.316660464531 2.213622058104 5.030623400063
-7.184114683228 2.141313846279 5.103444525664
-7.040102707244 2.063199658082 5.178973604617
-6.870802441879 1.971151952367 5.261100014176
-6.672136988523 1.861923495555 5.351443173291
-6.458735501787 1.743196610487 5.446396730592
-6.245259654570 1.623548422861 5.541858743633
-6.035614997140 1.505663852488 5.636514241611
-5.828663303361 1.389163281318 5.730522647853
-5.622952455375 1.273324276974 5.824219638095
-5.417701247646 1.157735030888 5.917798662506
-5.212595866295 1.042225959478 6.011339740937
-5.007531144177 0.926739422290 6.104870139457
-4.802476501007 0.811258504477 6.198397874092
-4.597423962860 0.695778774246 6.291925069950
-4.392370486124 0.580298601665 6.385452722809
-4.187305951397 0.464812835085 6.478984998218
-3.982169958374 0.349290309189 6.572547203286
-3.776675252300 0.233578669027 6.666260704923
-3.569844829048 0.117131681916 6.760544802318
-3.359912555836 -0.001206735355 6.856196569136
-3.148889066530 -0.121194895520 6.952557707321
-2.951630430336 -0.235991327938 7.043591996434
-2.779571520396 -0.338754525280 7.124287983910
-2.622513955593 -0.433343146672 7.198595140045
-2.469214713798 -0.525340852262 7.271175804954
-2.315725830516 -0.617018218754 7.343739000405
-2.161211493278 -0.708983769058 7.416676176357
-2.005389919945 -0.801458049767 7.490122873302
-1.847650588142 -0.894752127941 7.564334089926
-1.686364897317 -0.989610901498 7.639970365984
