10.690000 -1.268630 -0.272870
10.709150 -1.220760 -0.119680
10.824040 -1.498420 -0.129260
11.034680 -1.632460 -0.062230
11.082550 -1.565440 0.043090
10.938940 -1.536720 0.196280
10.709150 -1.517570 0.339900
10.852760 -1.699480 0.320750
11.235750 -2.025020 0.253730
11.896390 -3.001620 0.675010
11.867670 -3.509080 1.364370
11.982560 -2.733540 1.335650
13.045340 -2.178210 1.345230
12.796400 -2.120770 2.235660
12.116610 -1.498420 3.758010
13.801730 -1.823950 5.002710
15.534720 -2.762260 5.759100
15.888980 -3.317590 7.405920
17.363470 -3.432480 9.263390
17.526230 -5.232500 10.929360
17.861340 -9.876160 11.283620
18.828370 -12.901720 11.216600
18.139010 -12.288950 13.093210
16.406010 -9.282540 14.146410
15.793240 -8.325080 14.433650
15.247490 -10.268720 14.577270
14.050670 -11.360220 12.652780
14.184710 -10.335740 10.326160
13.074060 -7.913370 8.669760
12.490010 -5.672930 5.797400
11.542130 -3.633550 2.704810
9.952760 -2.168640 0.186700
7.989970 -1.287780 -1.718630
5.347390 -1.613310 -1.354800
2.350550 -2.044170 -1.833530
0.665430 -1.057990 -2.905880
-0.579260 -0.426070 -3.059070
-2.206940 -0.225000 -3.260140
-3.834610 -0.081380 -4.121850
-5.117600 -0.023940 -4.456960
-5.979310 0.225000 -3.480350
-6.391020 0.713300 -2.695240
-6.228250 1.431400 -1.967570
-5.615480 2.092040 -1.737780
-5.175050 2.273960 -1.977150
-5.328240 2.360130 -3.767590
-5.117600 1.105860 -4.648450
-4.255890 -0.186700 -4.926110
-3.193120 0.397340 -5.443140
-2.992050 3.375030 -6.994220
-3.978230 6.209100 -9.550620
-5.835700 8.439980 -12.604910
-7.224010 6.467620 -8.420830
-6.429320 3.231410 -10.594250
-2.896300 4.658020 -16.750690
2.656940 6.611230 -19.125180
17.468790 6.496340 -7.530390
19.594340 1.584590 -2.867580
19.527320 -4.351640 18.847520
19.594340 -5.356970 19.594340
19.594340 14.988970 19.517740
18.474110 16.559200 19.594340
3.384610 -1.000540 16.980480
4.811220 -19.469870 12.614480
15.429400 -8.708060 9.320830
2.254810 12.279370 10.690000
0.694160 15.362380 13.619810
4.830370 8.363380 10.967660
5.692080 3.308010 10.019780
3.059070 0.579260 9.598500
3.805890 -0.502660 9.789990
7.166560 -0.445220 10.728290
7.386770 0.569690 10.958080
5.175050 1.594160 11.235750
4.571850 1.632460 10.488930
5.567610 0.426070 8.794230
5.787820 -0.722880 7.482520
4.935690 -0.368620 7.434650
4.428230 1.057990 8.210190
4.380360 2.130340 8.526150
4.370790 2.053740 7.865500
4.351640 1.144160 7.721880
4.456960 0.368620 7.817630
4.581430 0.742030 8.219760
4.591000 1.546290 8.631470
4.849520 1.383520 8.526150
4.562280 0.876070 8.124010
4.265470 0.454790 7.817630
4.236740 0.387770 7.894220
4.236740 0.828200 8.133590
4.399510 1.201610 8.535720
4.610150 0.981390 8.583590
4.715470 0.560110 8.487850
4.868660 0.435640 8.516570
