10.747440 -1.096290 0.378200
10.651700 -0.885650 0.435640
10.527230 -0.971820 0.397340
10.498510 -0.856920 0.301600
10.690000 -0.732450 0.244150
10.632550 -0.923950 0.292020
10.766590 -1.086710 0.177130
11.025110 -1.153730 0.090960
10.938940 -1.125010 0.129260
10.795320 -1.115440 0.339900
10.737870 -0.885650 0.521810
10.737870 -0.703730 0.627130
10.718720 -0.770750 0.684580
10.575100 -0.866500 1.048410
10.508080 -0.665430 1.689910
10.986810 -0.387770 2.417580
12.528310 -0.923950 3.882480
14.424080 -1.642040 6.122930
15.515580 -2.877160 8.468700
15.180470 -3.432480 11.207020
16.635800 -4.983560 13.016610
16.578350 -7.300600 13.504920
17.047500 -9.617650 13.753860
17.009210 -11.274040 13.361300
15.946430 -11.101700 13.619810
14.998550 -8.018690 15.046420
13.744280 -6.371870 16.492180
12.853850 -8.248480 15.304930
13.820880 -11.484690 12.499590
14.041090 -13.160230 11.350640
13.638960 -12.490010 10.278290
13.169810 -10.326160 7.808050
12.499590 -8.143160 6.400590
11.724050 -7.693160 6.620810
9.751690 -7.252730 3.719720
8.803810 -5.701650 2.015450
7.539970 -3.614400 2.130340
5.088880 -2.254810 0.847350
3.269710 -1.048410 -0.023940
1.115440 0.071810 0.177130
-0.445220 0.100530 0.866500
-1.364370 -0.292020 0.081380
-2.168640 -0.167550 -1.354800
-2.714390 -0.043090 -2.206940
-3.087800 0.062230 -2.465450
-3.403760 -0.244150 -2.656940
-3.662270 -0.416490 -3.193120
-3.078220 -0.675010 -3.537800
-2.149490 -1.019690 -3.355880
-1.766510 -1.364370 -3.422910
-2.178210 -1.555870 -3.681420
-2.551620 -1.105860 -5.558030
-2.609070 -0.004790 -7.846350
-2.551620 1.345230 -9.062320
-2.216510 2.063320 -9.675090
-1.613310 1.393100 -8.133590
-2.168640 2.092040 -10.527230
-1.613310 3.738870 -13.792150
-0.675010 6.094210 -13.926200
1.919700 5.701650 -13.878330
11.264470 4.370790 -9.809140
19.594340 4.380360 -2.245230
19.584760 10.278290 9.033600
19.575190 18.895400 19.594340
18.627310 19.603910 19.546470
19.594340 15.094300 19.584760
12.365540 2.005870 19.153910
-1.766510 -13.476190 12.221930
14.912380 -17.698570 11.063400
8.200610 2.561200 10.938940
1.632460 13.638960 14.663440
3.432480 12.030440 13.648540
3.901630 5.931440 10.594250
5.385690 0.406920 10.421910
5.797400 -2.752690 9.742120
4.399510 -3.097370 9.282540
4.667600 0.100530 10.000630
5.012280 3.844190 10.632550
5.203770 3.633550 10.383610
4.801640 1.192030 8.947430
4.600580 -0.177130 7.769760
4.533550 -0.215430 6.869750
4.351640 0.339900 6.975070
4.389940 0.904800 7.482520
4.792070 1.220760 8.191040
4.629300 1.699480 9.205940
4.543130 1.536720 9.071900
4.763340 1.019690 8.593170
4.600580 0.502660 8.286780
4.227170 0.426070 8.258060
4.006950 0.943090 8.516570
3.796310 1.632460 9.014450
3.892060 1.737780 8.861260
4.370790 1.057990 8.842110
