10.699570 -0.531390 -0.311170
10.632550 -0.761180 -0.253730
10.757020 -1.029270 -0.215430
10.900640 -1.067560 -0.138830
10.795320 -0.971820 -0.023940
10.632550 -0.856920 0.081380
10.584680 -0.837770 0.129260
10.680420 -0.933520 0.148410
10.718720 -1.067560 0.033510
10.699570 -1.029270 0.000000
10.891060 -1.029270 -0.043090
11.254900 -1.029270 -0.234580
11.599580 -1.010120 0.225000
11.130430 -0.292020 1.718630
10.718720 0.000000 2.896300
11.934690 -0.588840 3.279290
13.476190 -1.077140 4.696320
14.251730 -0.349470 8.076140
17.325170 -1.105860 12.078310
19.326250 -3.087800 11.704900
19.383700 -5.146330 13.361300
18.694330 -7.616560 14.768760
19.594340 -10.900640 14.127260
19.594340 -10.527230 14.826210
19.594340 -7.942100 15.534720
19.594340 -7.329330 14.347480
19.594340 -10.058080 12.126180
18.962420 -11.781500 8.909130
18.397520 -11.207020 6.898470
16.654950 -7.760180 4.112270
14.864500 -4.294190 1.105860
12.145330 -1.622890 -1.814380
8.976150 -0.225000 -3.451630
5.826120 0.129260 -3.892060
2.953750 0.531390 -3.547370
0.521810 0.914370 -3.499500
-0.828200 0.742030 -2.886730
-1.900550 0.866500 -2.666510
-2.379280 0.990970 -2.637790
-2.494170 1.326080 -2.704810
-2.982480 1.910120 -2.293110
-3.825040 2.120770 -1.996300
-4.504830 1.450550 -2.187790
-4.514410 0.655860 -3.193120
-3.700570 -0.004790 -3.853760
-2.934600 0.244150 -4.638870
-2.408000 0.138830 -5.222920
-2.273960 -1.192030 -5.749520
-2.206940 -2.015450 -6.793150
-2.331410 -0.933520 -9.177220
-3.365460 2.331410 -13.945350
-5.443140 8.439980 -19.450720
-6.371870 13.524070 -19.460290
-6.333570 11.455960 -12.844270
1.709060 0.895220 -14.088960
11.408090 -1.804800 -17.708150
19.115610 5.376120 -14.835780
19.594340 3.777160 -3.690990
16.654950 -6.687830 19.594340
14.988970 2.676090 19.594340
19.594340 19.603910 19.546470
17.554960 19.498590 19.594340
-1.594160 4.830370 16.204940
-3.681420 -18.876250 8.545290
18.780500 -12.796400 12.480440
1.651610 13.399600 12.863420
-0.636710 18.608160 17.353890
3.221840 11.015530 13.658110
6.276120 1.115440 10.125100
8.143160 -3.231410 10.287870
4.993130 -1.259050 10.220840
3.968660 0.330320 11.599580
5.242070 1.814380 11.733620
6.410170 2.063320 11.724050
5.893140 1.105860 10.785740
5.213350 -0.339900 9.703820
5.136750 -0.684580 8.727210
5.088880 0.043090 8.181460
5.098450 0.502660 8.286780
5.050580 0.378200 8.746360
4.734620 0.531390 8.909130
4.466530 1.402670 8.210190
4.591000 1.680340 8.047420
4.954840 0.722880 7.702730
5.127180 0.272870 8.143160
4.476110 1.335650 8.669760
4.208020 1.977150 8.861260
4.380360 1.393100 8.277210
4.504830 0.646280 7.970820
4.504830 0.627130 8.066570
4.792070 0.885650 8.229340
4.696320 1.038840 8.315510
4.447380 0.895220 8.229340
4.409090 1.144160 8.507000
