10.776170 -1.670760 1.469690
10.594250 -1.766510 1.412250
10.508080 -1.718630 1.383520
10.460210 -1.756930 1.373950
10.412330 -1.833530 1.354800
10.555950 -1.766510 1.326080
10.603830 -1.661190 1.297350
10.421910 -1.651610 1.306930
10.354890 -1.670760 1.259050
10.488930 -1.737780 1.278200
10.546380 -1.823950 1.421820
10.661270 -1.756930 1.766510
10.938940 -1.479270 2.628220
11.044250 -1.259050 3.796310
12.068730 -2.369700 5.452710
13.294280 -2.551620 6.955920
15.065570 -4.715470 7.875080
15.228340 -5.969740 9.694240
16.166640 -6.639960 11.264470
16.338990 -6.668680 13.811300
17.832620 -7.453800 14.290030
19.517740 -10.354890 13.658110
18.387940 -11.379360 14.519820
17.583680 -9.694240 17.114530
17.459210 -6.831450 17.756020
16.674100 -6.448470 15.391110
14.941100 -9.100620 11.819790
14.471950 -12.346400 9.751690
14.366630 -11.168730 8.526150
14.088960 -8.325080 6.764430
13.083640 -7.137830 4.342060
11.379360 -6.046330 2.312260
9.378280 -4.763340 1.450550
6.965490 -3.470780 -0.148410
6.295270 -2.829280 -0.588840
4.380360 -0.923950 -1.192030
1.699480 0.004790 -1.345230
-0.244150 -0.368620 -2.360130
-2.005870 -0.454790 -3.212260
-3.298440 -0.205850 -3.633550
-4.236740 0.157980 -4.792070
-4.964410 0.406920 -5.883570
-5.328240 0.512240 -5.682500
-5.471860 1.105860 -5.912290
-5.184620 1.938850 -6.716550
-5.232500 3.135670 -7.731460
-5.586760 3.805890 -8.267630
-5.768670 3.537800 -8.439980
-4.897390 3.212260 -8.717640
-4.045250 4.610150 -11.149580
-4.610150 7.808050 -16.463460
-4.619720 10.326160 -15.525150
-4.993130 9.397430 -12.652780
-4.361210 7.348470 -16.003880
-3.126090 7.463370 -16.473030
-0.933520 8.181460 -17.593250
4.227170 7.482520 -19.603910
18.694330 4.887810 -12.480440
19.594340 -2.676090 -8.641040
19.536890 6.400590 19.594340
19.594340 12.662360 19.594340
19.594340 11.417660 19.508170
13.667690 4.179300 19.594340
-9.483600 -8.171890 15.956000
8.076140 -19.393270 12.624060
17.918790 -2.752690 9.770840
2.350550 11.618730 10.699570
-2.139910 12.011290 14.950680
-0.789900 8.181460 11.053830
4.150570 1.728210 10.058080
3.853760 -1.010120 9.062320
2.063320 -0.435640 8.803810
4.447380 0.339900 9.962330
5.280370 1.134590 10.536800
4.772920 0.483520 11.226170
4.303770 0.330320 11.082550
4.763340 0.713300 10.546380
4.792070 0.043090 9.071900
4.284620 -1.373950 8.152740
3.949510 -1.038840 8.124010
3.719720 1.096290 9.110190
3.604820 2.771840 9.655940
3.767590 2.206940 9.349560
3.767590 0.445220 8.794230
3.786740 -0.225000 8.449550
4.198450 0.253730 8.516570
4.342060 0.722880 8.784660
4.073980 0.837770 8.909130
3.978230 0.368620 8.976150
3.901630 0.177130 8.688910
3.748440 0.703730 8.660190
3.671840 0.981390 8.593170
3.863340 0.330320 8.382530
3.911210 0.138830 8.516570
