8.008718397724 0.287202964696 6.462469614488
8.009384599783 0.281094881734 6.531089781056
8.010284474643 0.275953090454 6.601190205402
8.011589537199 0.272194786935 6.673573629692
8.013590894976 0.270417941410 6.749495478218
8.016780285475 0.271473832970 6.830922003806
8.021983159926 0.276559070775 6.920927852472
8.030571955246 0.287318450221 7.024289750548
8.044793206339 0.305926040180 7.148322463893
8.068229881467 0.335059497572 7.303923825764
8.106352791321 0.377586123968 7.506545603637
8.166922043766 0.435649396586 7.776234784187
8.259619933369 0.508805600742 8.134974510289
8.393895066218 0.591277446908 8.599032591771
8.574373977308 0.669711575749 9.166182941848
8.795498600039 0.724416122056 9.804537259551
9.040136309130 0.735980788699 10.455819319872
9.285575887617 0.693805471901 11.057594697512
9.513094990887 0.599521393117 11.568811315725
9.713458738495 0.463130247003 11.978885394408
9.885839031792 0.296518266675 12.299092780851
10.033509738382 0.109133225715 12.548724638246
10.159895076302 -0.093259930947 12.745219201915
10.266058790678 -0.308041282267 12.899579360529
10.349159573778 -0.534640538952 13.014837184670
10.401160165670 -0.773385507437 13.085424293638
10.407421946392 -1.024294565129 13.096422916559
10.345369866485 -1.285629016526 13.022760314905
10.184173149387 -1.552101667220 12.829471952268
9.887275379365 -1.813024678033 12.475205582895
9.419906849626 -2.051387390873 11.921394254349
8.761854134649 -2.245470030336 11.147228475254
7.920864271958 -2.374018705587 10.164832317571
6.937448951293 -2.423465842304 9.023944150995
5.874665281866 -2.392963424441 7.799113703873
4.797567144203 -2.293736693625 6.565477859747
3.755106739927 -2.143592130486 5.378127411683
2.773267623150 -1.960606071545 4.264885703937
1.858429864722 -1.759175110526 3.230862789004
1.004924562729 -1.548924617762 2.267563040165
0.201926727759 -1.335365911131 1.360965476035
-0.562096870954 -1.121108887852 0.496640345625
-1.297191486264 -0.906961666466 -0.337767976472
-2.011169594190 -0.692705523501 -1.151706875388
-2.709603462285 -0.477563413321 -1.951678130028
-3.396095567936 -0.260452939760 -2.741455688383
-4.072579668609 -0.040118095875 -3.522270087056
-4.739539246096 0.184780751711 -4.292834516922
-5.396107618441 0.415553055775 -5.049195158018
-6.040065086035 0.653286601691 -5.784480881828
-6.667795071958 0.898542833895 -6.488730455442
-7.274310936383 1.150942282741 -7.149083016300
-7.853503569562 1.408712406567 -7.750673340434
-8.398747012361 1.668357721241 -8.278471084203
-8.903888753534 1.924667833772 -8.719952208231
-9.364444374166 2.171226653536 -9.067956982536
-9.778615609989 2.401390790099 -9.322688722666
-10.147724353093 2.609452126145 -9.491940916285
-10.475880972775 2.791569175981 -9.589379971811
-10.769053286194 2.946159460808 -9.631598129663
-11.033930077093 3.073713480884 -9.635072278892
-11.276952895755 3.176225120645 -9.613925126874
-11.503698617634 3.256507339905 -9.578806036821
-11.718594097008 3.317596330196 -9.536725574124
-11.924833370151 3.362336897151 -9.491489130036
-12.124355107450 3.393159862357 -9.444427473197
-12.317790211077 3.412028182486 -9.395270463229
-12.504379288683 3.420525261877 -9.343131851699
-12.681969033841 3.420057357983 -9.287590080938
-12.847283954479 3.412117487779 -9.229728779617
-12.996644445873 3.398509961923 -9.172797298228
-13.127078001839 3.381404724485 -9.122066188124
-13.237425145138 3.363145039526 -9.083722617094
-13.328881957412 3.345876673774 -9.063223494860
-13.404694106885 3.331191525267 -9.063919738340
-13.469233518398 3.319960744339 -9.086563275666
-13.526983638113 3.312393191318 -9.129704239646
-13.581843855126 3.308230364947 -9.190539917094
-13.636860209477 3.306962284543 -9.265750378127
-13.694273891518 3.307993256186 -9.352077293767
-13.755726881932 3.310739659490 -9.446617001994
-13.822507165606 3.314671961836 -9.546902318420
-13.895776305062 3.319320792476 -9.650861772259
-13.976764392184 3.324263371949 -9.756721315581
-14.066937728258 3.329100488787 -9.862885473687
-14.168149694235 3.333429315290 -9.967814764410
-14.282781030985 3.336814557809 -10.069905553098
-14.413864186202 3.338759682394 -10.167375896176
