-0.014021540368 -0.000527923005 -0.011891652315
-0.011025606300 -0.000415183532 -0.009358493397
-0.008029672232 -0.000302444058 -0.006825334479
-0.005033738164 -0.000189704585 -0.004292175562
-0.002037804098 -0.000076965112 -0.001759016645
0.000958129961 0.000035774361 0.000774142264
0.003954063964 0.000148513832 0.003307301122
0.006949997633 0.000261253289 0.005840459670
0.009945929408 0.000373992671 0.008373616458
0.012941851271 0.000486731657 0.010906764025
0.015937725237 0.000599468725 0.013439866986
0.018933385856 0.000712197250 0.015972770956
0.021928172206 0.000824890725 0.018504858012
0.024919671360 0.000937452236 0.021033866630
0.027899872162 0.001049559406 0.023552264113
0.030844767367 0.001160243632 0.026037378001
0.033690235317 0.001266908042 0.028428267521
0.036287312282 0.001363483336 0.030581931636
0.038351736265 0.001438256025 0.032220324832
0.039513299212 0.001475487095 0.032962360837
0.039781783768 0.001473482697 0.032735397649
0.040801532806 0.001494691696 0.032939679688
0.046869422098 0.001708681383 0.037484368161
0.062406519644 0.002294940721 0.050588439423
0.087337900423 0.003256914214 0.072434654732
0.117822534889 0.004445266216 0.099616320030
0.150326728190 0.005719125503 0.128862021038
0.183078300399 0.007006490134 0.158474160061
0.215471146395 0.008282349612 0.187837850434
0.247339826977 0.009541349654 0.216758510336
0.278513456331 0.010784252453 0.245029316419
0.308550077117 0.012018873903 0.272128716506
0.337256805592 0.013295654501 0.297588136913
0.368733340131 0.014812438002 0.324779283337
0.415664500074 0.016851684722 0.365838825158
0.481717623954 0.019240165587 0.425619923802
0.553944327185 0.021583339161 0.492354420391
0.624357717752 0.023817968329 0.557933550784
0.691490090777 0.026040328553 0.620545975210
0.755014010222 0.028370526940 0.679794003892
0.815149569499 0.030942153856 0.736351386595
0.877402042662 0.033775583660 0.797211883372
0.958624022628 0.036399556700 0.880993054345
1.068857073584 0.038175739434 0.996122181852
1.193800869888 0.039365567464 1.124847263108
1.320786676895 0.040559403787 1.253643843344
1.447429602370 0.042050030779 1.380525812853
1.574274509114 0.043955062998 1.506291203944
1.701797019358 0.046338267076 1.631493299362
1.830148986488 0.049224220056 1.756385405404
1.959285978717 0.052562520706 1.881222308254
2.089055395523 0.056147448566 2.006560299327
2.219342633038 0.059476752400 2.133716141439
2.350485056261 0.061570366606 2.265525239637
2.484118347579 0.060953824523 2.407062190998
2.623911098943 0.056336536555 2.564649730213
2.774199557110 0.048144742211 2.741158948940
2.935989821534 0.039071264751 2.931426584811
3.105374803921 0.031945741035 3.125862682070
3.276947333653 0.027642722924 3.318079142723
3.446957760039 0.025407224231 3.506727516205
3.613531855786 0.024032193099 3.692964735591
3.775779089690 0.022462099732 3.878328435353
3.933180722922 0.019876361694 4.063992282364
4.085457246659 0.015583505247 4.250699857680
4.232895784920 0.008863746863 4.438836008338
4.377315398758 -0.001210329251 4.628382304512
4.523963286451 -0.015862114276 4.818569274480
4.683901567729 -0.036110562511 5.007055696360
4.873143428034 -0.060636024363 5.189013909059
5.099950241232 -0.082173868015 5.358383228743
5.342550584782 -0.088368312016 5.513880028313
5.552970639410 -0.072718477104 5.663632429950
5.696784559941 -0.042467800718 5.818805365879
5.771354014560 -0.012306368116 5.984846589132
5.791146953874 0.003352870183 6.160148809212
5.777644522216 -0.007340458359 6.336791151958
5.763646309291 -0.050211180312 6.499384448081
5.792400175732 -0.116546617784 6.627866746652
5.889406307040 -0.180712749174 6.711768292303
6.033324216607 -0.218045420761 6.762665774056
6.176792949440 -0.223377884233 6.803724688841
6.286257704524 -0.206556640368 6.851961104156
6.351341880279 -0.179708030581 6.914412134103
6.374317579011 -0.151911657373 6.992787801139
6.360772474327 -0.129558144138 7.087519611050
6.315970333046 -0.117826223594 7.199417167002
6.244965706970 -0.121426558174 7.329644328610
