10.690000 -1.718630 -0.244150
10.690000 -1.737780 -0.244150
10.718720 -1.766510 -0.186700
10.728290 -1.776080 -0.119680
10.709150 -1.776080 -0.138830
10.670850 -1.670760 -0.129260
10.737870 -1.776080 -0.119680
10.785740 -1.833530 -0.062230
10.766590 -1.766510 -0.014360
10.881490 -1.613310 0.014360
10.967660 -1.450550 0.033510
11.063400 -1.498420 0.129260
11.350640 -1.393100 0.320750
11.781500 -1.000540 0.789900
12.040010 -0.531390 1.259050
12.154900 0.033510 1.756930
12.518740 0.742030 2.522900
12.671930 1.163310 3.365460
12.537890 1.393100 4.131420
12.643210 1.900550 4.801640
12.949590 2.800560 5.060160
12.968740 4.131420 5.146330
12.384690 5.337820 5.060160
12.049580 4.811220 5.031430
12.422990 3.039920 4.954840
12.748530 1.469690 4.562280
12.911300 0.320750 3.882480
12.853850 -0.339900 2.992050
12.815550 -0.684580 2.139910
12.700650 -1.010120 1.393100
12.346400 -1.546290 0.426070
11.982560 -2.005870 -0.540960
11.819790 -2.676090 -1.230330
11.369790 -3.461200 -2.149490
10.737870 -4.208020 -2.810130
10.067650 -4.849520 -3.394180
9.349560 -5.041010 -3.892060
9.004870 -5.098450 -3.968660
8.803810 -5.117600 -3.796310
8.439980 -4.887810 -3.518650
8.133590 -4.543130 -3.250560
7.999550 -4.131420 -3.087800
8.277210 -3.901630 -2.972900
8.899550 -3.786740 -2.819710
9.608070 -3.614400 -2.350550
10.172970 -3.221840 -2.072890
10.680420 -3.030350 -1.728210
11.130430 -2.925030 -1.163310
11.982560 -2.944180 0.100530
12.758100 -2.819710 1.048410
12.834700 -2.130340 1.345230
13.083640 -0.818620 1.948420
13.093210 0.722880 2.867580
13.284700 1.335650 3.987800
14.088960 1.565440 4.782490
13.792150 2.867580 5.366540
12.834700 4.208020 6.132510
12.748530 4.188870 7.539970
13.696410 3.719720 8.832530
14.328330 4.476110 9.263390
13.619810 6.304850 9.081470
12.662360 7.635710 8.966580
12.748530 7.262300 8.966580
13.495340 6.199530 8.822960
13.533640 5.548460 8.095290
13.351730 5.117600 7.310180
13.696410 4.361210 6.812300
13.964500 3.355880 6.237830
14.136840 2.369700 5.462290
14.223010 1.603740 4.533550
14.088960 1.048410 3.518650
13.792150 0.359050 2.618640
13.466620 -0.646280 2.015450
12.997470 -1.613310 1.306930
12.413420 -2.273960 0.540960
11.829370 -2.647370 -0.138830
11.140000 -3.087800 -0.770750
10.412330 -3.719720 -1.134590
9.857010 -4.208020 -1.565440
9.378280 -4.389940 -1.977150
8.909130 -4.456960 -2.350550
8.315510 -4.150570 -2.743110
8.124010 -3.997380 -2.896300
8.152740 -4.026100 -2.953750
8.085720 -3.949510 -2.915450
8.018690 -3.681420 -2.963330
8.047420 -3.317590 -3.011200
8.191040 -3.154820 -2.925030
8.545290 -3.183540 -2.695240
9.512330 -3.355880 -2.618640
10.287870 -3.432480 -2.293110
11.082550 -3.221840 -1.383520
11.982560 -3.039920 -0.043090
13.035760 -2.905880 0.990970
13.849600 -1.699480 1.622890
14.194290 1.105860 2.388850
14.270880 2.819710 3.633550
14.299610 3.097370 5.184620
14.529390 3.039920 6.285700
14.251730 3.461200 6.419740
13.725130 4.112270 6.285700
13.141090 4.485680 6.400590
12.738950 3.997380 6.343150
12.403840 2.953750 5.692080
11.953840 2.130340 4.533550
11.561280 1.603740 3.480350
11.178300 1.230330 2.800560
10.986810 0.703730 2.206940
11.005960 -0.138830 1.737780
11.044250 -0.904800 1.354800
11.111280 -1.182460 1.086710
11.005960 -1.134590 0.914370
10.891060 -1.192030 0.876070
10.977230 -1.268630 0.799480
11.197450 -1.354800 0.847350
11.092130 -1.326080 0.904800
10.938940 -1.345230 0.837770
10.996380 -1.718630 0.387770
