10.718720 -1.919700 0.205850
10.651700 -1.843100 0.205850
10.632550 -1.833530 0.157980
10.757020 -1.814380 0.177130
10.814470 -1.852680 0.119680
10.833610 -1.871830 0.033510
10.824040 -1.919700 -0.071810
10.795320 -1.938850 -0.138830
10.804890 -1.929270 -0.110110
10.804890 -1.890980 -0.062230
10.766590 -1.776080 -0.043090
10.900640 -1.718630 0.062230
11.274040 -1.632460 0.339900
11.781500 -1.373950 0.722880
12.336820 -0.856920 1.421820
12.930440 -0.215430 2.618640
13.476190 0.272870 3.815460
13.629390 1.029270 4.629300
13.150660 2.570770 5.337820
12.346400 3.997380 5.912290
12.470860 4.198450 6.304850
13.035760 3.403760 6.534640
12.949590 2.647370 6.295270
12.738950 1.804800 5.778250
12.767680 0.923950 5.117600
12.729380 0.311170 4.246320
12.442140 -0.090960 3.154820
12.308100 -0.809050 2.111190
12.212350 -1.689910 1.153730
11.886820 -2.455870 0.205850
11.350640 -3.020770 -0.655860
10.900640 -3.480350 -1.440970
10.450630 -3.863340 -2.111190
10.048500 -4.198450 -2.704810
9.368710 -4.322910 -3.489930
8.918700 -4.246320 -3.911210
8.641040 -4.179300 -3.892060
8.152740 -4.495260 -3.690990
8.143160 -4.495260 -3.853760
8.430400 -4.198450 -3.758010
8.545290 -3.786740 -3.748440
8.717640 -3.662270 -3.556950
9.071900 -3.892060 -3.039920
9.502750 -3.738870 -2.637790
10.287870 -3.489930 -1.996300
11.302770 -3.288860 -0.895220
12.068730 -2.982480 0.339900
12.183630 -2.542050 1.115440
12.566610 -2.455870 1.709060
13.725130 -2.398430 2.331410
15.065570 -1.220760 3.020770
15.573020 1.220760 3.815460
15.324080 3.078220 4.725050
14.816630 3.432480 5.510160
13.715560 3.470780 6.180380
12.365540 3.327160 6.687830
12.604910 2.953750 6.754850
13.265550 4.255890 6.936770
12.758100 6.955920 7.444220
12.183630 8.267630 8.392100
12.442140 7.865500 9.387860
13.150660 6.965490 9.521900
13.830450 6.065480 8.794230
14.385780 5.443140 7.645290
14.634720 4.523980 6.812300
14.558120 3.518650 6.199530
14.921950 2.465450 5.567610
15.123020 1.776080 4.839940
14.931530 1.115440 4.045250
14.835780 0.196280 3.288860
14.768760 -0.665430 2.503750
14.424080 -1.306930 1.776080
13.801730 -1.747360 1.096290
13.064490 -1.967570 0.426070
12.384690 -2.264380 -0.253730
11.704900 -2.810130 -0.866500
10.881490 -3.327160 -1.354800
9.991050 -3.671840 -1.900550
9.100620 -3.805890 -2.293110
8.353800 -3.681420 -2.618640
7.779330 -3.308010 -2.743110
7.453800 -3.212260 -2.676090
7.300600 -3.260140 -2.714390
7.109110 -3.422910 -2.905880
7.070810 -3.499500 -2.925030
7.271880 -3.308010 -2.858010
7.482520 -3.145240 -2.685660
7.865500 -3.193120 -2.494170
8.420830 -3.327160 -2.187790
8.813380 -2.963330 -1.958000
8.995300 -2.551620 -1.785660
9.387860 -2.676090 -1.575020
9.847440 -2.886730 -1.440970
10.632550 -3.173970 -1.019690
12.040010 -3.068650 0.090960
13.054910 -2.599490 1.354800
13.428320 -2.005870 2.283530
14.060240 -1.431400 3.039920
14.778330 -0.062230 3.748440
14.701740 2.025020 4.887810
14.424080 2.877160 6.333570
14.577270 2.494170 7.109110
14.270880 2.168640 7.042090
13.169810 2.340980 6.381440
12.346400 2.494170 5.701650
12.221930 2.187790 5.519730
12.758100 1.632460 4.983560
12.786830 1.105860 4.112270
12.145330 0.560110 3.240990
11.551710 0.138830 2.398430
11.321920 -0.627130 1.852680
11.274040 -1.192030 1.546290
11.197450 -1.345230 1.249480
11.207020 -1.479270 1.153730
11.149580 -1.469690 1.172880
11.082550 -1.412250 1.077140
11.034680 -1.440970 0.847350
11.025110 -1.575020 0.665430
