10.335740 -2.005870 0.225000
10.441060 -2.273960 0.148410
10.536800 -2.436730 0.071810
10.488930 -2.350550 0.177130
10.307010 -2.216510 0.205850
10.364460 -2.120770 0.320750
10.498510 -2.111190 0.502660
10.527230 -1.977150 0.732450
10.632550 -1.823950 0.837770
10.737870 -1.728210 0.847350
10.919790 -1.919700 0.847350
11.446390 -2.254810 1.172880
12.212350 -2.427150 1.852680
12.853850 -2.216510 3.097370
13.552790 -1.871830 4.667600
14.050670 -1.450550 6.352720
14.433650 -0.895220 8.037840
14.117690 0.655860 8.947430
13.332580 2.542050 9.167640
12.614480 3.509080 9.167640
12.327250 3.336730 8.775080
12.336820 2.139910 7.721880
12.327250 0.684580 6.343150
12.164480 -0.454790 5.155900
12.030440 -1.287780 4.160150
12.221930 -1.919700 3.317590
12.221930 -2.216510 2.513320
11.963410 -2.494170 1.756930
11.532560 -2.733540 0.856920
11.140000 -2.838860 0.148410
10.833610 -3.020770 -0.856920
10.211270 -3.154820 -2.111190
9.799560 -3.652690 -3.461200
9.550620 -4.045250 -4.591000
9.368710 -4.217590 -5.021860
8.822960 -4.150570 -5.194200
8.372950 -4.255890 -5.739950
8.200610 -4.303770 -6.199530
7.855930 -4.121850 -6.132510
7.453800 -4.035680 -5.491010
7.463370 -3.786740 -4.906960
7.836780 -3.422910 -4.370790
8.411250 -3.221840 -3.901630
8.880400 -3.403760 -3.566520
9.579350 -3.576100 -3.030350
10.498510 -3.298440 -2.427150
11.800650 -2.570770 -1.852680
13.399600 -2.484600 -0.684580
15.209190 -3.260140 1.555870
16.195370 -3.336730 4.016530
15.898560 -1.316500 6.017610
14.759190 0.952670 7.492090
14.213440 2.273960 8.650620
15.008120 2.484600 9.828290
15.888980 2.235660 10.594250
15.496430 2.503750 11.264470
14.184710 2.963330 11.944260
13.102790 3.145240 12.174050
12.805980 3.164390 12.068730
12.911300 3.250560 11.695330
12.853850 3.126090 11.187870
12.652780 2.944180 10.651700
12.786830 2.360130 9.866590
13.447470 1.393100 8.918700
14.079390 0.617560 8.066570
14.414500 0.014360 7.396350
14.471950 -0.292020 6.371870
14.577270 -0.780330 5.270800
14.462370 -1.326080 4.284620
14.261310 -1.948420 3.394180
13.820880 -2.561200 2.522900
13.150660 -2.800560 2.044170
12.365540 -2.771840 1.632460
11.637880 -2.733540 0.847350
11.235750 -3.135670 -0.014360
11.321920 -3.719720 -0.694160
10.938940 -4.102700 -1.201610
9.761260 -3.959080 -1.507990
8.631470 -3.183540 -1.575020
7.970820 -2.494170 -1.440970
7.635710 -2.580340 -1.431400
7.300600 -2.743110 -1.699480
6.984640 -2.790980 -1.948420
6.572940 -2.618640 -2.034590
6.333570 -2.455870 -2.063320
6.304850 -2.388850 -2.187790
6.486770 -2.101620 -2.417580
6.955920 -1.938850 -2.475020
7.597410 -1.996300 -2.551620
8.095290 -2.340980 -2.752690
8.382530 -2.676090 -2.781410
8.574020 -2.858010 -2.733540
9.033600 -2.695240 -2.446300
10.010200 -2.858010 -1.709060
10.354890 -3.489930 -0.521810
10.115520 -4.456960 0.684580
11.733620 -4.983560 1.000540
16.147490 -4.638870 1.967570
18.770930 -2.886730 3.872910
16.329410 -0.330320 6.362300
13.591090 1.182460 7.817630
13.198530 1.795230 7.951670
13.600660 1.163310 7.769760
14.194290 0.588840 8.143160
13.887900 1.297350 8.526150
12.729380 2.206940 8.305930
11.829370 2.781410 7.463370
11.580430 2.695240 6.333570
11.695330 1.651610 5.452710
11.522980 0.301600 4.504830
11.427240 -1.153730 3.662270
11.570860 -1.881400 2.733540
11.542130 -1.594160 1.900550
11.197450 -1.182460 1.364370
10.910210 -0.933520 1.144160
11.140000 -0.952670 1.096290
11.379360 -1.335650 1.077140
11.570860 -1.642040 1.029270
