10.670850 -1.785660 0.081380
10.565530 -1.766510 0.043090
10.575100 -1.890980 -0.004790
10.661270 -1.986720 -0.004790
10.690000 -1.862250 0.052660
10.766590 -1.766510 0.148410
10.814470 -1.680340 0.215430
10.757020 -1.737780 0.110110
10.824040 -1.967570 0.100530
10.919790 -1.958000 0.148410
10.900640 -1.689910 0.177130
11.092130 -1.373950 0.397340
11.570860 -1.125010 0.722880
11.982560 -0.952670 0.923950
12.164480 -0.550540 1.067560
12.030440 0.014360 1.306930
11.752770 0.780330 1.929270
11.915540 1.555870 2.551620
12.241080 2.216510 2.848430
12.537890 2.388850 3.126090
12.480440 2.427150 3.633550
12.068730 3.116520 4.313340
11.896390 4.131420 5.050580
12.221930 4.399510 5.452710
12.662360 4.016530 5.519730
13.246400 3.164390 5.337820
13.466620 2.168640 4.591000
13.284700 1.163310 3.681420
13.246400 0.071810 2.762260
13.121940 -0.675010 1.881400
13.102790 -1.297350 1.364370
12.834700 -1.718630 0.904800
12.059160 -2.130340 0.464370
11.341070 -2.666510 -0.234580
10.718720 -3.269710 -1.517570
10.393190 -4.246320 -2.532470
9.981480 -5.117600 -3.116520
9.301690 -5.280370 -3.135670
8.526150 -4.782490 -3.039920
7.989970 -4.169720 -2.810130
7.798480 -3.892060 -2.589920
7.846350 -3.949510 -2.408000
7.827200 -4.054830 -2.436730
7.827200 -3.968660 -2.589920
8.009120 -3.949510 -2.628220
8.736790 -3.872910 -2.522900
9.684670 -3.719720 -2.235660
10.335740 -3.643120 -1.823950
10.929360 -3.489930 -1.268630
11.733620 -2.819710 -0.540960
12.528310 -1.823950 -0.263300
13.725130 -1.345230 -0.368620
15.190040 -1.450550 0.253730
16.147490 -1.105860 1.756930
16.233670 1.172880 3.135670
15.850690 4.418660 4.064400
14.625140 6.994220 4.562280
13.734710 7.319750 5.720800
13.648540 6.055910 7.089960
13.571940 5.739950 7.616560
13.150660 6.841020 7.769760
12.509160 7.836780 7.606990
12.221930 8.181460 7.224010
12.451720 7.453800 7.080390
13.284700 6.352720 7.032510
13.782580 6.017610 6.706980
13.830450 5.998460 6.008040
13.849600 5.500590 5.376120
14.021940 4.246320 4.926110
14.376200 3.011200 4.428230
14.395350 2.254810 3.844190
14.261310 1.622890 3.212260
14.136840 0.713300 2.561200
13.849600 -0.196280 1.938850
13.370870 -0.588840 1.287780
12.796400 -0.856920 0.789900
12.336820 -1.747360 0.186700
11.762350 -2.752690 -0.569690
10.900640 -3.394180 -1.393100
10.067650 -4.035680 -2.197360
9.368710 -4.667600 -3.020770
8.870830 -5.108030 -3.767590
8.593170 -5.108030 -4.083550
8.650620 -4.504830 -3.528230
8.545290 -3.805890 -3.030350
8.095290 -3.863340 -3.279290
7.741030 -4.476110 -4.227170
7.913370 -4.993130 -4.715470
8.191040 -5.069730 -4.629300
8.545290 -4.514410 -4.504830
9.493180 -4.093120 -3.690990
10.929360 -3.796310 -2.168640
12.097460 -2.934600 -0.387770
12.796400 -1.804800 1.125010
13.169810 -1.192030 1.919700
13.667690 -0.971820 3.068650
14.184710 0.646280 4.160150
14.050670 3.173970 4.964410
13.734710 4.954840 5.835700
13.859180 5.596330 6.496340
13.485770 5.471860 6.668680
12.547460 4.782490 6.084630
11.982560 3.767590 5.098450
11.963410 2.704810 4.275040
11.992140 1.642040 3.710140
12.020860 0.885650 3.279290
11.762350 1.077140 2.695240
11.216600 1.412250 2.053740
10.891060 0.885650 1.766510
11.159150 -0.454790 1.862250
11.408090 -1.172880 1.919700
11.455960 -1.144160 1.689910
11.455960 -1.086710 1.297350
11.532560 -1.029270 0.914370
11.465540 -0.809050 0.579260
11.321920 -0.780330 0.387770
11.187870 -0.751600 0.301600
11.044250 -0.962240 0.368620
