10.421910 -0.090960 -0.426070
10.584680 0.062230 -0.703730
10.632550 -0.081380 -0.751600
10.508080 -0.100530 -0.512240
10.584680 -0.205850 -0.627130
10.891060 -0.167550 -1.000540
11.475110 -0.215430 -0.837770
11.120850 -0.186700 -0.617560
10.938940 -0.569690 -0.550540
11.005960 -0.703730 -0.416490
10.986810 -0.253730 -0.263300
10.881490 0.023940 -0.225000
10.852760 -0.110110 -0.186700
11.053830 -0.320750 -0.148410
11.293190 -0.339900 0.196280
11.829370 -0.512240 0.923950
11.829370 -0.320750 1.843100
12.116610 -0.196280 2.589920
12.882570 0.004790 3.872910
14.634720 0.014360 5.194200
16.262390 -0.675010 6.802730
16.626230 0.177130 8.420830
17.554960 0.359050 11.590010
18.139010 -0.196280 13.007040
19.594340 -3.509080 12.691080
19.594340 -7.070810 13.007040
18.550710 -7.252730 14.941100
17.976240 -4.935690 16.262390
17.545380 -3.250560 17.679430
16.664520 -5.069730 17.813470
17.574110 -8.775080 16.578350
18.033680 -10.297440 13.705980
17.411340 -10.201690 11.053830
16.329410 -9.770840 6.936770
15.209190 -8.219760 4.839940
13.907050 -6.065480 4.342060
10.948510 -3.489930 0.205850
9.138920 -1.287780 -2.216510
6.276120 0.311170 -3.432480
2.446300 0.665430 -4.370790
-0.809050 -0.177130 -3.748440
-3.154820 -0.809050 -2.302680
-3.872910 -0.751600 -2.379280
-3.116520 -0.387770 -3.240990
-2.312260 0.138830 -4.361210
-2.072890 0.339900 -5.108030
-2.532470 -0.454790 -4.983560
-3.509080 -1.211180 -4.648450
-2.953750 -0.943090 -4.246320
-2.350550 -1.230330 -5.021860
-2.226090 -0.416490 -6.333570
-2.273960 -0.148410 -6.879320
-2.044170 -0.368620 -8.286780
-2.321830 0.215430 -10.632550
-3.470780 1.737780 -13.265550
-6.237830 5.146330 -18.952840
-7.683580 8.928280 -18.742200
-10.067650 9.024020 -11.676180
2.034590 3.394180 -19.268800
12.317670 3.748440 -19.489020
19.594340 13.677260 -1.661190
19.594340 12.978320 17.564530
12.308100 5.739950 19.594340
16.224090 -6.343150 19.508170
14.299610 -1.278200 19.594340
2.283530 -4.993130 19.297530
2.436730 -9.684670 16.903890
8.028270 2.369700 13.773010
4.581430 13.945350 12.490010
2.436730 10.326160 11.972990
-0.502660 4.715470 10.287870
-0.359050 3.528230 10.249570
2.829280 3.250560 11.111280
5.328240 1.603740 10.690000
6.209100 -0.502660 11.197450
4.294190 0.579260 11.551710
3.068650 2.216510 11.647450
3.327160 2.312260 10.929360
4.179300 1.460120 9.550620
4.236740 0.828200 8.305930
3.576100 0.588840 8.009120
3.126090 0.186700 8.363380
3.087800 0.579260 8.794230
3.279290 1.862250 9.378280
3.499500 2.388850 9.483600
3.403760 1.364370 9.330410
3.279290 0.540960 9.004870
3.470780 0.703730 8.889980
3.518650 1.488840 8.411250
3.317590 1.565440 8.315510
2.925030 1.019690 8.047420
2.992050 0.339900 8.344230
3.355880 0.540960 8.238910
3.422910 0.914370 8.526150
