10.622970 -1.067560 0.866500
10.565530 -1.077140 0.742030
10.632550 -1.029270 0.809050
10.757020 -1.125010 0.904800
10.613400 -1.038840 0.952670
10.555950 -0.943090 1.057990
10.728290 -0.962240 1.038840
10.958080 -1.153730 1.077140
10.795320 -0.885650 1.172880
10.824040 -0.914370 1.153730
11.178300 -1.479270 1.306930
12.020860 -2.130340 1.057990
11.436810 -0.588840 0.627130
11.092130 0.272870 2.197360
11.819790 -1.077140 4.045250
10.967660 -1.306930 6.505910
10.670850 0.234580 8.325080
12.729380 -1.402670 8.459130
14.165560 -2.446300 9.454880
14.883650 -2.944180 12.020860
14.309180 -2.025020 11.810220
17.009210 -4.629300 11.005960
17.736870 -6.324000 12.604910
18.091130 -9.588920 13.820880
19.594340 -9.789990 13.591090
19.594340 -10.804890 13.610240
19.594340 -11.283620 13.753860
19.125180 -9.866590 11.360220
17.487930 -9.560200 9.320830
15.314510 -8.028270 8.526150
14.404930 -6.697400 6.927190
13.284700 -3.901630 5.261220
11.590010 -2.647370 2.628220
7.415500 -1.622890 0.359050
5.759100 0.866500 -0.454790
3.882480 2.465450 -1.230330
2.254810 1.804800 -2.446300
1.105860 0.665430 -4.227170
0.119680 1.192030 -3.145240
-1.450550 2.925030 -2.542050
-2.771840 3.949510 -2.752690
-3.566520 4.313340 -3.595250
-4.217590 4.954840 -4.638870
-5.414410 4.954840 -4.160150
-6.639960 4.016530 -3.671840
-6.965490 3.528230 -3.643120
-6.515490 5.136750 -4.294190
-5.873990 7.118690 -4.437810
-5.672930 7.779330 -3.882480
-5.845270 6.812300 -3.001620
-5.299520 5.854840 -3.183540
-4.236740 5.845270 -3.805890
-3.547370 5.730370 -2.915450
-3.193120 3.978230 -2.982480
-2.293110 3.049500 -2.465450
0.483520 4.160150 -0.426070
5.002710 5.960160 0.866500
15.228340 3.604820 3.432480
19.594340 -1.192030 6.036760
19.556040 -7.348470 12.241080
19.527320 -3.930360 17.602830
19.594340 8.210190 19.058160
19.402850 1.823950 19.594340
13.236830 -9.550620 18.320920
8.382530 -16.348560 15.151740
7.693160 -11.101700 12.097460
7.415500 0.971820 11.398510
5.979310 9.253810 10.871910
3.748440 11.245320 10.670850
3.250560 5.471860 10.019780
5.108030 -1.306930 8.899550
6.975070 -2.005870 9.416580
6.295270 1.938850 10.718720
5.328240 4.160150 11.149580
5.289940 2.331410 10.412330
5.768670 -0.186700 9.512330
5.797400 -0.426070 8.899550
5.443140 0.732450 8.344230
5.376120 2.178210 7.683580
5.069730 2.178210 7.348470
4.725050 1.536720 7.626140
4.993130 1.278200 7.922950
5.155900 1.479270 7.989970
5.222920 1.823950 7.999550
4.935690 2.273960 7.855930
4.868660 1.651610 7.597410
4.954840 0.722880 7.779330
4.973980 0.990970 8.353800
4.945260 2.656940 8.392100
4.619720 3.327160 8.267630
4.342060 2.503750 7.999550
4.677170 1.393100 7.731460
5.002710 1.383520 8.095290
4.906960 2.168640 9.014450
