10.938940 -1.354800 -0.789900
10.996380 -1.354800 -0.799480
11.005960 -1.718630 -0.933520
10.900640 -1.699480 -1.086710
10.728290 -1.795230 -1.249480
10.661270 -2.130340 -1.517570
10.546380 -2.427150 -1.651610
10.421910 -2.025020 -1.345230
10.479360 -1.776080 -1.201610
10.479360 -1.795230 -1.096290
10.402760 -1.613310 -1.306930
10.565530 -2.159060 -1.364370
10.594250 -2.005870 -1.163310
10.622970 -1.469690 -1.000540
10.757020 -1.393100 -1.201610
10.871910 -1.919700 -1.383520
10.690000 -2.015450 -1.201610
10.517650 -1.469690 -0.914370
10.642120 -1.364370 -1.077140
10.622970 -1.919700 -1.402670
10.488930 -2.034590 -1.479270
10.651700 -1.431400 -1.086710
10.488930 -1.354800 -1.010120
10.431480 -1.469690 -1.172880
10.527230 -1.718630 -1.057990
10.642120 -1.546290 -0.866500
10.910210 -1.220760 -0.694160
11.063400 -1.297350 -0.694160
11.111280 -1.833530 -0.646280
11.072980 -1.795230 -0.378200
10.785740 -1.728210 -0.062230
10.747440 -2.072890 -0.531390
10.986810 -2.618640 -0.885650
10.871910 -2.877160 -0.866500
11.072980 -3.355880 -0.837770
11.484690 -3.738870 -1.125010
11.542130 -4.313340 -1.306930
10.900640 -4.935690 -1.278200
10.785740 -5.500590 -1.709060
11.312340 -5.979310 -2.130340
11.724050 -6.084630 -2.101620
11.714480 -6.525060 -2.044170
11.963410 -6.879320 -2.101620
11.657030 -6.917620 -2.494170
11.580430 -7.367620 -2.723960
11.628300 -7.597410 -3.011200
12.030440 -7.262300 -3.518650
12.576190 -7.741030 -4.466530
13.399600 -9.579350 -5.548460
13.954920 -9.904880 -5.625050
13.677260 -8.775080 -4.370790
12.997470 -7.731460 -3.001620
12.154900 -7.769760 -3.145240
12.030440 -7.932520 -3.901630
12.135760 -8.698490 -4.456960
12.097460 -9.914460 -4.389940
11.216600 -10.776170 -3.978230
10.613400 -10.479360 -3.652690
10.038930 -9.799560 -2.992050
9.742120 -9.292110 -2.388850
9.541050 -9.751690 -2.637790
10.058080 -11.187870 -3.240990
9.407000 -11.551710 -3.968660
7.741030 -10.728290 -4.447380
6.582510 -9.684670 -4.351640
5.634630 -8.641040 -3.451630
4.562280 -7.338900 -2.542050
3.384610 -6.908050 -2.455870
1.862250 -7.032510 -2.427150
0.876070 -6.285700 -1.986720
0.215430 -4.820790 -1.354800
-0.157980 -3.375030 -0.397340
-0.828200 -2.714390 0.110110
-1.919700 -2.944180 -0.406920
-2.896300 -3.834610 -0.368620
-3.317590 -3.623970 -0.349470
-3.126090 -3.269710 1.029270
-2.905880 -2.704810 2.092040
-2.551620 -2.321830 2.656940
-2.484600 -2.226090 3.116520
-2.235660 -2.398430 2.781410
-2.034590 -2.388850 1.814380
-1.507990 -2.120770 1.709060
-1.230330 -0.971820 2.513320
-1.297350 0.684580 3.968660
-1.661190 2.015450 4.236740
-1.795230 1.910120 3.997380
-1.996300 1.326080 3.671840
-1.507990 0.617560 3.892060
-0.742030 0.742030 4.418660
0.569690 1.211180 4.208020
1.756930 1.038840 4.801640
1.622890 0.627130 5.165480
1.278200 -0.138830 5.309090
1.450550 0.502660 6.237830
1.316500 2.446300 7.348470
2.005870 3.269710 8.009120
2.580340 3.480350 8.382530
2.829280 2.838860 8.516570
2.360130 2.762260 8.487850
2.609070 3.068650 8.679340
3.173970 3.489930 10.268720
2.896300 4.456960 10.527230
3.432480 4.648450 9.646370
4.456960 3.710140 8.995300
4.064400 3.068650 8.516570
2.723960 3.422910 9.024020
2.465450 3.729290 8.784660
3.614400 3.336730 8.315510
4.102700 3.719720 9.215510
4.160150 4.591000 9.799560
4.725050 5.404840 10.402760
4.878240 5.912290 10.383610
4.801640 5.893140 9.474030
5.835700 4.964410 9.138920
7.176130 4.552700 10.211270
7.539970 4.916540 11.561280
6.965490 6.036760 12.652780
6.793150 5.960160 12.030440
7.061240 3.518650 10.766590
6.620810 1.680340 10.029350
6.343150 1.890980 9.857010
6.017610 3.700570 9.655940
5.385690 4.629300 9.320830
5.108030 3.671840 8.794230
5.433560 2.666510 8.325080
5.423990 3.202690 8.191040
5.060160 3.968660 8.401680
4.725050 4.121850 8.516570
4.811220 3.738870 8.248480
4.973980 3.269710 7.970820
4.897390 3.020770 7.875080
4.744190 3.202690 7.999550
4.801640 3.164390 8.076140
4.658020 3.087800 8.076140
4.734620 3.260140 7.903800
4.782490 3.001620 7.951670
4.591000 2.647370 7.865500
4.811220 2.647370 7.769760
4.916540 2.723960 7.980400
4.399510 2.494170 7.894220
4.638870 2.187790 7.549540
4.839940 2.427150 7.855930
4.543130 2.877160 8.133590
4.658020 2.628220 8.315510
4.686750 2.676090 8.372950
4.725050 2.829280 8.602740
