9.665520 -3.413330 -3.767590
9.655940 -3.480350 -3.595250
9.588920 -3.384610 -3.394180
9.550620 -3.442050 -3.518650
9.579350 -3.489930 -3.758010
9.636790 -3.595250 -3.719720
9.560200 -3.729290 -3.738870
9.397430 -3.633550 -3.652690
9.560200 -3.288860 -3.432480
9.636790 -3.413330 -3.604820
9.617650 -3.796310 -3.882480
9.541050 -3.959080 -3.920780
9.397430 -4.054830 -3.853760
9.445300 -3.968660 -3.700570
9.416580 -3.911210 -3.949510
9.445300 -4.246320 -4.217590
9.426150 -4.562280 -4.284620
9.330410 -4.734620 -4.437810
9.253810 -4.926110 -4.648450
9.071900 -5.146330 -4.916540
8.909130 -5.155900 -4.906960
8.669760 -5.452710 -4.945260
8.363380 -5.960160 -5.462290
8.420830 -5.902720 -5.663350
8.698490 -5.682500 -5.414410
8.909130 -5.845270 -5.299520
8.650620 -6.276120 -5.845270
8.296360 -6.774000 -6.304850
8.152740 -7.022940 -6.180380
8.028270 -6.649530 -6.180380
8.210190 -6.285700 -6.122930
8.344230 -6.362300 -6.381440
7.980400 -6.735700 -6.764430
7.434650 -7.013370 -6.841020
7.156980 -6.955920 -6.630380
7.061240 -6.639960 -6.774000
7.003790 -6.324000 -7.042090
6.908050 -6.410170 -7.195280
6.687830 -6.793150 -6.955920
6.180380 -6.936770 -6.678260
5.634630 -7.089960 -6.812300
5.519730 -6.917620 -7.137830
5.548460 -6.563360 -7.252730
5.548460 -6.276120 -7.137830
5.203770 -6.764430 -7.070810
4.543130 -6.850600 -6.936770
4.131420 -7.070810 -6.572940
3.968660 -7.712310 -6.812300
3.815460 -7.559120 -7.520820
3.623970 -7.377200 -7.453800
3.480350 -7.405920 -7.233580
3.336730 -7.281450 -6.831450
3.193120 -7.128260 -6.716550
3.116520 -7.760180 -6.908050
2.944180 -8.171890 -7.434650
2.589920 -8.104870 -7.262300
2.264380 -7.760180 -6.735700
2.072890 -7.587840 -6.400590
1.986720 -7.654860 -6.592080
1.890980 -7.875080 -6.505910
1.584590 -8.009120 -6.189950
1.220760 -8.372950 -5.998460
0.981390 -8.593170 -5.979310
0.770750 -8.535720 -5.854840
0.703730 -9.119770 -5.471860
0.588840 -9.397430 -5.376120
0.225000 -8.708060 -5.538880
-0.157980 -8.143160 -5.452710
-0.244150 -8.487850 -5.079300
-0.225000 -8.909130 -4.552700
-0.473940 -8.889980 -4.447380
-0.636710 -9.186790 -4.533550
-0.713300 -9.186790 -4.418660
-0.837770 -9.014450 -3.882480
-1.019690 -8.775080 -3.250560
-1.057990 -8.717640 -2.656940
-0.856920 -8.401680 -2.149490
-0.636710 -8.420830 -0.981390
-0.569690 -8.478270 -0.694160
-0.646280 -8.909130 -0.588840
-0.923950 -8.966580 -0.311170
-1.412250 -7.798480 -0.349470
-1.546290 -7.070810 -0.167550
-1.211180 -7.444220 1.105860
-0.780330 -7.769760 2.130340
-0.339900 -8.171890 2.513320
-0.330320 -7.386770 2.408000
-1.029270 -6.113360 2.398430
-1.440970 -5.270800 2.858010
-0.981390 -5.615480 4.246320
-0.177130 -6.237830 5.108030
0.129260 -5.749520 4.830370
-0.196280 -4.619720 4.342060
-0.493090 -3.892060 4.859090
-0.043090 -3.078220 6.065480
0.435640 -1.594160 6.620810
0.272870 0.129260 7.243000
-0.004790 1.297350 8.047420
0.138830 1.172880 8.459130
0.895220 -0.023940 8.277210
1.067560 -0.904800 7.482520
0.234580 -1.297350 6.343150
-0.426070 -1.546290 5.912290
0.004790 -1.402670 6.256970
0.895220 -0.655860 6.793150
0.981390 0.196280 7.721880
0.531390 0.722880 8.382530
0.301600 0.550540 8.372950
0.761180 -0.272870 7.999550
1.479270 -0.071810 7.970820
1.622890 0.962240 8.612320
1.431400 1.555870 9.234660
1.603740 0.971820 9.349560
2.245230 0.253730 9.761260
2.522900 0.866500 9.876160
2.245230 1.718630 9.904880
2.245230 1.699480 10.297440
2.570770 1.153730 10.345310
3.154820 0.837770 10.757020
2.925030 1.383520 11.274040
2.551620 1.546290 10.929360
2.656940 0.876070 10.374040
3.001620 0.387770 10.316590
2.953750 0.780330 10.488930
2.733540 1.259050 10.757020
2.838860 1.431400 10.680420
2.762260 1.354800 10.287870
2.570770 0.856920 9.962330
2.542050 0.292020 9.761260
2.695240 0.416490 9.608070
2.589920 1.182460 9.713390
2.360130 1.220760 9.943180
2.465450 0.722880 9.952760
2.551620 0.665430 9.531480
2.532470 0.933520 9.272960
2.551620 0.847350 9.167640
2.580340 0.464370 9.426150
2.522900 0.512240 9.339980
2.800560 0.493090 9.282540
2.561200 0.349470 9.196370
2.369700 0.023940 8.899550
2.599490 -0.196280 8.899550
2.714390 -0.052660 9.100620
2.580340 0.330320 9.320830
2.417580 0.521810 9.474030
2.398430 0.368620 9.531480
2.570770 0.225000 9.349560
