10.307010 -1.785660 -3.365460
10.278290 -1.661190 -3.355880
10.364460 -1.335650 -3.327160
10.383610 -1.498420 -3.269710
10.211270 -1.584590 -3.145240
10.249570 -1.249480 -2.934600
10.307010 -1.450550 -3.173970
10.278290 -1.862250 -3.327160
10.278290 -1.910120 -3.403760
10.249570 -1.670760 -3.317590
10.172970 -1.584590 -3.231410
10.192120 -1.852680 -3.260140
10.211270 -1.823950 -3.279290
10.345310 -1.709060 -3.384610
10.354890 -1.948420 -3.470780
10.211270 -2.168640 -3.442050
10.259140 -1.910120 -3.269710
10.287870 -1.546290 -3.011200
10.144250 -1.575020 -3.068650
10.163400 -1.890980 -3.298440
10.297440 -1.977150 -3.509080
10.307010 -2.130340 -3.652690
10.297440 -2.360130 -3.623970
10.307010 -2.101620 -3.403760
10.335740 -1.728210 -3.183540
10.192120 -2.015450 -3.394180
10.125100 -2.637790 -3.863340
10.230420 -3.183540 -4.437810
10.134670 -3.930360 -4.897390
9.885730 -4.495260 -4.926110
9.770840 -3.853760 -4.667600
9.981480 -2.446300 -4.275040
10.192120 -2.139910 -4.102700
10.172970 -3.279290 -4.476110
10.048500 -4.485680 -4.744190
9.943180 -5.414410 -4.859090
9.780410 -5.481440 -4.744190
9.847440 -3.059070 -4.054830
10.776170 -1.211180 -2.723960
11.302770 -3.403760 -1.785660
10.690000 -6.678260 -2.484600
10.814470 -7.319750 -3.020770
11.685750 -5.739950 -2.963330
12.298520 -3.585670 -2.092040
11.743200 -2.771840 -0.770750
11.072980 -4.236740 0.081380
11.015530 -6.189950 0.138830
11.369790 -6.908050 -0.177130
11.570860 -6.525060 -0.157980
11.570860 -6.113360 -0.023940
11.417660 -6.151650 0.435640
11.063400 -6.122930 1.019690
10.709150 -6.410170 1.297350
10.575100 -6.687830 1.249480
10.690000 -6.649530 1.383520
10.603830 -6.515490 1.134590
11.254900 -6.563360 1.211180
11.149580 -6.831450 1.776080
10.680420 -7.750610 2.676090
9.876160 -8.449550 2.685660
9.904880 -7.645290 2.331410
10.680420 -5.251650 2.570770
11.168730 -4.351640 3.346310
9.857010 -6.055910 3.748440
8.851680 -7.511240 3.489930
9.158070 -6.927190 3.164390
9.809140 -5.356970 3.470780
10.105950 -4.648450 3.997380
9.407000 -4.897390 4.217590
9.148490 -4.772920 4.351640
9.052750 -3.604820 4.744190
8.775080 -2.446300 4.715470
8.353800 -1.680340 4.562280
7.530390 -0.646280 4.045250
6.793150 0.588840 3.796310
6.429320 2.283530 4.399510
5.979310 3.662270 5.088880
5.395260 4.217590 5.356970
5.337820 4.495260 5.730370
5.653780 4.792070 5.165480
5.787820 4.198450 4.514410
5.309090 3.250560 3.930360
4.983560 1.699480 3.154820
4.954840 0.157980 2.714390
4.571850 0.454790 3.011200
4.179300 1.661190 3.059070
3.777160 2.570770 2.819710
3.451630 2.733540 2.848430
3.623970 2.379280 4.610150
3.882480 2.771840 5.931440
3.920780 4.887810 6.812300
3.729290 7.156980 7.539970
3.911210 7.176130 7.760180
3.920780 5.328240 7.425070
3.901630 3.872910 6.946340
3.882480 3.949510 7.022940
3.547370 4.868660 7.147410
3.365460 5.194200 7.204860
3.317590 4.993130 7.099540
3.202690 4.811220 7.358050
3.059070 4.839940 7.549540
3.221840 4.859090 7.415500
3.365460 5.194200 7.453800
3.461200 5.644200 7.702730
3.250560 6.046330 8.401680
3.145240 5.921870 8.401680
3.173970 5.443140 8.047420
3.183540 5.184620 7.846350
3.135670 4.878240 7.760180
3.020770 4.495260 7.798480
3.068650 4.533550 7.827200
3.413330 4.591000 7.894220
3.298440 4.581430 8.171890
3.193120 4.208020 8.066570
3.375030 3.968660 8.056990
3.576100 4.399510 7.999550
3.537800 4.658020 8.267630
3.231410 4.610150 8.411250
3.394180 4.150570 8.277210
3.518650 3.892060 8.171890
3.145240 4.045250 8.066570
2.905880 3.997380 8.028270
3.001620 3.796310 7.961250
3.202690 3.959080 7.961250
2.867580 3.978230 7.932520
2.972900 3.892060 7.875080
3.049500 4.045250 7.779330
2.944180 4.275040 8.085720
2.810130 4.294190 8.411250
2.829280 4.361210 8.507000
2.953750 4.763340 8.574020
3.106940 4.868660 8.602740
3.231410 4.523980 8.305930
3.384610 4.121850 7.951670
3.126090 4.131420 8.181460
2.886730 4.083550 8.411250
3.087800 3.892060 8.372950
3.260140 4.112270 8.238910
2.925030 4.619720 8.258060
2.695240 4.581430 8.219760
3.126090 3.939930 7.999550
3.365460 3.528230 7.961250
3.183540 3.863340 7.922950
3.011200 4.016530 7.942100
3.355880 4.016530 7.932520
3.336730 4.054830 7.884650
3.212260 4.102700 7.836780
