3.978230 -7.683580 4.236740
2.695240 -7.875080 3.882480
2.302680 -8.372950 3.614400
1.977150 -7.597410 3.135670
1.517570 -6.400590 2.934600
1.105860 -5.692080 2.781410
0.722880 -5.280370 2.618640
0.000000 -5.031430 2.063320
-0.703730 -5.012280 1.412250
-1.364370 -5.270800 1.010120
-1.450550 -5.222920 0.971820
-1.546290 -4.303770 0.847350
-2.245230 -3.308010 0.588840
1.977150 -7.597410 3.135670
1.517570 -6.400590 2.934600
1.105860 -5.692080 2.781410
0.722880 -5.280370 2.618640
0.000000 -5.031430 2.063320
-0.703730 -5.012280 1.412250
-1.364370 -5.270800 1.010120
-1.450550 -5.222920 0.971820
-1.546290 -4.303770 0.847350
-2.245230 -3.308010 0.588840
-2.896300 -2.944180 0.397340
-3.126090 -2.896300 0.234580
-3.106940 -3.556950 0.090960
-3.068650 -3.834610 -0.330320
-3.710140 -3.221840 -0.780330
-3.853760 -2.551620 -0.416490
-3.451630 -1.584590 0.263300
-3.193120 -1.383520 1.259050
-2.235660 -2.637790 4.035680
-0.598410 -3.375030 7.808050
-2.896300 -2.944180 0.397340
-3.126090 -2.896300 0.234580
-3.106940 -3.556950 0.090960
-3.068650 -3.834610 -0.330320
-3.710140 -3.221840 -0.780330
-3.853760 -2.551620 -0.416490
-3.451630 -1.584590 0.263300
-3.193120 -1.383520 1.259050
-2.235660 -2.637790 4.035680
-0.598410 -3.375030 7.808050
9.225090 -9.474030 18.483690
8.516570 -1.785660 10.278290
-3.461200 0.531390 8.861260
-9.713390 -4.935690 13.543220
-6.936770 1.249480 11.082550
-1.584590 -1.804800 9.244240
-4.658020 -5.117600 7.099540
-6.716550 -4.284620 7.559120
-5.826120 -3.623970 6.774000
-5.711230 -3.585670 5.759100
9.225090 -9.474030 18.483690
8.516570 -1.785660 10.278290
-3.461200 0.531390 8.861260
-9.713390 -4.935690 13.543220
-6.936770 1.249480 11.082550
-1.584590 -1.804800 9.244240
-4.658020 -5.117600 7.099540
-6.716550 -4.284620 7.559120
-5.826120 -3.623970 6.774000
-5.711230 -3.585670 5.759100
-6.324000 -3.815460 5.184620
-6.218680 -4.332490 4.284620
-6.352720 -4.811220 3.633550
-6.505910 -4.658020 3.403760
-6.582510 -4.054830 3.097370
-6.410170 -4.198450 3.011200
-6.611230 -4.523980 2.704810
-7.032510 -4.284620 2.838860
-6.917620 -4.332490 3.126090
-6.793150 -4.045250 2.896300
-6.324000 -3.815460 5.184620
-6.218680 -4.332490 4.284620
-6.352720 -4.811220 3.633550
-6.505910 -4.658020 3.403760
-6.582510 -4.054830 3.097370
-6.410170 -4.198450 3.011200
-6.611230 -4.523980 2.704810
-7.032510 -4.284620 2.838860
-6.917620 -4.332490 3.126090
-6.793150 -4.045250 2.896300
-7.089960 -3.939930 2.455870
-7.262300 -4.064400 2.245230
-7.204860 -3.930360 2.187790
-7.185710 -3.815460 1.948420
-7.348470 -3.729290 1.431400
-7.501670 -3.604820 1.153730
-7.606990 -3.595250 1.153730
-7.319750 -3.700570 1.144160
-7.214430 -3.604820 0.703730
-7.386770 -3.882480 -0.157980
-7.089960 -3.939930 2.455870
-7.262300 -4.064400 2.245230
-7.204860 -3.930360 2.187790
-7.185710 -3.815460 1.948420
-7.348470 -3.729290 1.431400
-7.501670 -3.604820 1.153730
-7.606990 -3.595250 1.153730
-7.319750 -3.700570 1.144160
-7.214430 -3.604820 0.703730
-7.386770 -3.882480 -0.157980
-7.089960 -4.083550 -0.387770
-6.525060 -3.748440 -0.119680
-6.036760 -2.934600 0.205850
-5.213350 -2.925030 1.239910
-4.188870 -3.298440 2.886730
-2.714390 -3.068650 5.768670
5.864420 -8.133590 17.239000
13.543220 -3.949510 12.413420
-1.402670 1.364370 3.068650
-8.957000 -7.405920 12.241080
-7.089960 -4.083550 -0.387770
-6.525060 -3.748440 -0.119680
-6.036760 -2.934600 0.205850
-5.213350 -2.925030 1.239910
-4.188870 -3.298440 2.886730
-2.714390 -3.068650 5.768670
5.864420 -8.133590 17.239000
13.543220 -3.949510 12.413420
-1.402670 1.364370 3.068650
-8.957000 -7.405920 12.241080
-12.260220 1.086710 6.170800
-0.665430 -1.316500 8.056990
-0.387770 -4.744190 5.625050
-3.556950 -5.222920 5.289940
-4.466530 -4.303770 5.644200
-3.212260 -2.944180 6.008040
-3.298440 -2.465450 5.682500
-3.451630 -3.173970 4.552700
-3.422910 -3.786740 3.422910
-3.499500 -3.758010 2.819710
-12.260220 1.086710 6.170800
-0.665430 -1.316500 8.056990
-0.387770 -4.744190 5.625050
-3.556950 -5.222920 5.289940
-4.466530 -4.303770 5.644200
-3.212260 -2.944180 6.008040
-3.298440 -2.465450 5.682500
-3.451630 -3.173970 4.552700
-3.422910 -3.786740 3.422910
-3.499500 -3.758010 2.819710
-3.805890 -3.461200 2.513320
-3.987800 -3.106940 2.436730
-3.748440 -3.193120 2.427150
-3.030350 -3.662270 2.455870
-2.628220 -3.892060 2.475020
-2.972900 -3.729290 2.963330
-3.451630 -3.173970 3.432480
-3.308010 -3.011200 3.978230
-1.756930 -4.246320 4.859090
-0.990970 -4.935690 5.079300
-3.805890 -3.461200 2.513320
-3.987800 -3.106940 2.436730
-3.748440 -3.193120 2.427150
-3.030350 -3.662270 2.455870
-2.628220 -3.892060 2.475020
-2.972900 -3.729290 2.963330
-3.451630 -3.173970 3.432480
-3.308010 -3.011200 3.978230
-1.756930 -4.246320 4.859090
-0.990970 -4.935690 5.079300
-0.933520 -4.868660 5.069730
-0.579260 -5.577180 5.222920
0.445220 -7.712310 5.883570
1.756930 -9.100620 7.061240
2.245230 -7.635710 7.836780
2.092040 -5.251650 7.166560
2.561200 -4.725050 6.266550
3.652690 -7.032510 5.500590
5.060160 -9.981480 5.759100
5.950590 -9.684670 6.841020
-0.933520 -4.868660 5.069730
-0.579260 -5.577180 5.222920
0.445220 -7.712310 5.883570
1.756930 -9.100620 7.061240
2.245230 -7.635710 7.836780
2.092040 -5.251650 7.166560
2.561200 -4.725050 6.266550
3.652690 -7.032510 5.500590
5.060160 -9.981480 5.759100
5.950590 -9.684670 6.841020
6.429320 -7.520820 8.095290
6.888900 -5.816550 8.564440
7.358050 -3.978230 8.009120
8.679340 -3.729290 7.616560
10.115520 -5.701650 7.032510
