-0.167550 -4.772920 13.667690
-1.527140 -7.310180 12.537890
-2.245230 -9.579350 11.819790
-2.790980 -10.737870 10.977230
-2.944180 -11.992140 9.445300
-3.135670 -12.518740 6.754850
-3.518650 -12.901720 5.328240
-3.729290 -12.863420 4.504830
-0.052660 -4.437810 10.019780
0.234580 -3.336730 12.365540
-0.167550 -4.772920 13.667690
-1.527140 -7.310180 12.537890
-2.245230 -9.579350 11.819790
-2.790980 -10.737870 10.977230
-2.944180 -11.992140 9.445300
-3.135670 -12.518740 6.754850
-3.518650 -12.901720 5.328240
-3.729290 -12.863420 4.504830
-3.489930 -12.298520 3.135670
-3.355880 -11.465540 1.421820
-3.528230 -10.996380 -0.588840
-3.738870 -10.565530 -2.130340
-3.633550 -9.991050 -2.896300
-3.288860 -9.100620 -2.733540
-2.934600 -7.922950 -1.651610
-2.676090 -6.582510 -1.316500
-3.317590 -6.036760 -2.829280
-3.968660 -6.429320 -3.853760
-3.489930 -12.298520 3.135670
-3.355880 -11.465540 1.421820
-3.528230 -10.996380 -0.588840
-3.738870 -10.565530 -2.130340
-3.633550 -9.991050 -2.896300
-3.288860 -9.100620 -2.733540
-2.934600 -7.922950 -1.651610
-2.676090 -6.582510 -1.316500
-3.317590 -6.036760 -2.829280
-3.968660 -6.429320 -3.853760
-3.758010 -6.314420 -3.097370
-3.173970 -5.309090 -1.125010
-3.126090 -4.351640 -0.138830
-3.480350 -3.987800 -0.100530
-3.758010 -3.499500 0.090960
-3.509080 -3.116520 1.460120
-2.953750 -3.422910 2.915450
-2.829280 -3.461200 3.777160
-2.944180 -3.212260 4.035680
-2.532470 -3.671840 4.897390
-3.758010 -6.314420 -3.097370
-3.173970 -5.309090 -1.125010
-3.126090 -4.351640 -0.138830
-3.480350 -3.987800 -0.100530
-3.758010 -3.499500 0.090960
-3.509080 -3.116520 1.460120
-2.953750 -3.422910 2.915450
-2.829280 -3.461200 3.777160
-2.944180 -3.212260 4.035680
-2.532470 -3.671840 4.897390
-1.412250 -4.361210 6.486770
0.244150 -4.849520 11.187870
17.440060 -14.031520 17.650700
3.116520 5.395260 2.436730
-3.547370 -5.854840 17.554960
-10.910210 -4.236740 6.036760
-4.485680 -4.409090 4.619720
-2.340980 -3.499500 6.094210
-4.868660 -2.982480 4.705900
-8.037840 -4.332490 1.890980
-1.412250 -4.361210 6.486770
0.244150 -4.849520 11.187870
17.440060 -14.031520 17.650700
3.116520 5.395260 2.436730
-3.547370 -5.854840 17.554960
-10.910210 -4.236740 6.036760
-4.485680 -4.409090 4.619720
-2.340980 -3.499500 6.094210
-4.868660 -2.982480 4.705900
-8.037840 -4.332490 1.890980
-7.999550 -4.629300 0.703730
-7.712310 -3.240990 0.502660
-8.124010 -3.011200 -0.665430
-9.866590 -3.528230 -2.120770
-10.287870 -4.102700 -2.819710
-9.311260 -4.016530 -3.288860
-8.803810 -3.949510 -3.968660
-9.272960 -4.121850 -4.447380
-9.071900 -4.265470 -4.150570
-8.066570 -4.514410 -3.738870
-7.999550 -4.629300 0.703730
-7.712310 -3.240990 0.502660
-8.124010 -3.011200 -0.665430
-9.866590 -3.528230 -2.120770
-10.287870 -4.102700 -2.819710
-9.311260 -4.016530 -3.288860
-8.803810 -3.949510 -3.968660
-9.272960 -4.121850 -4.447380
-9.071900 -4.265470 -4.150570
-8.066570 -4.514410 -3.738870
-7.214430 -4.581430 -3.260140
-7.137830 -4.600580 -3.576100
-7.377200 -4.217590 -3.825040
-6.582510 -4.495260 -3.097370
-4.667600 -4.887810 -0.493090
-2.025020 -5.644200 4.658020
15.410250 -14.596420 16.061330
10.230420 7.425070 -1.306930
-3.049500 -4.753770 17.219850
-12.700650 -4.351640 10.393190
-7.214430 -4.581430 -3.260140
-7.137830 -4.600580 -3.576100
-7.377200 -4.217590 -3.825040
-6.582510 -4.495260 -3.097370
-4.667600 -4.887810 -0.493090
-2.025020 -5.644200 4.658020
15.410250 -14.596420 16.061330
10.230420 7.425070 -1.306930
-3.049500 -4.753770 17.219850
-12.700650 -4.351640 10.393190
-12.020860 -1.010120 4.121850
-0.885650 -3.375030 7.597410
-0.923950 -3.480350 8.238910
-5.491010 -3.815460 6.017610
-6.706980 -5.002710 4.600580
-5.577180 -4.418660 4.964410
-5.098450 -4.083550 5.098450
-5.452710 -5.146330 4.677170
-5.720800 -6.084630 4.476110
-5.194200 -5.443140 4.552700
-12.020860 -1.010120 4.121850
-0.885650 -3.375030 7.597410
-0.923950 -3.480350 8.238910
-5.491010 -3.815460 6.017610
-6.706980 -5.002710 4.600580
-5.577180 -4.418660 4.964410
-5.098450 -4.083550 5.098450
-5.452710 -5.146330 4.677170
-5.720800 -6.084630 4.476110
-5.194200 -5.443140 4.552700
-5.050580 -4.811220 3.968660
-6.036760 -4.361210 1.823950
-6.841020 -4.466530 1.259050
-5.806970 -3.164390 2.704810
-4.859090 -2.685660 2.111190
-4.188870 -4.006950 2.561200
-3.690990 -5.912290 4.198450
-4.102700 -6.094210 6.094210
-4.619720 -4.399510 7.176130
-5.519730 -2.925030 7.444220
-5.050580 -4.811220 3.968660
-6.036760 -4.361210 1.823950
-6.841020 -4.466530 1.259050
-5.806970 -3.164390 2.704810
-4.859090 -2.685660 2.111190
-4.188870 -4.006950 2.561200
-3.690990 -5.912290 4.198450
-4.102700 -6.094210 6.094210
-4.619720 -4.399510 7.176130
-5.519730 -2.925030 7.444220
-6.075060 -1.651610 7.032510
-5.366540 -1.843100 7.137830
-4.696320 -3.614400 7.310180
-4.380360 -4.677170 6.639960
-4.246320 -5.050580 7.080390
-4.619720 -3.939930 8.085720
-4.973980 -2.637790 8.411250
-4.849520 -2.905880 8.219760
-4.322910 -3.422910 7.951670
-4.093120 -3.336730 7.922950
-6.075060 -1.651610 7.032510
-5.366540 -1.843100 7.137830
-4.696320 -3.614400 7.310180
-4.380360 -4.677170 6.639960
-4.246320 -5.050580 7.080390
-4.619720 -3.939930 8.085720
-4.973980 -2.637790 8.411250
-4.849520 -2.905880 8.219760
-4.322910 -3.422910 7.951670
-4.093120 -3.336730 7.922950
-4.054830 -3.154820 7.750610
-3.997380 -3.202690 7.635710
-3.767590 -2.944180 7.741030
-3.633550 -2.743110 7.358050
-3.758010 -3.049500 7.281450
-3.796310 -3.327160 7.358050
-3.681420 -3.327160 7.348470
-3.537800 -3.240990 7.300600
-3.556950 -3.001620 7.348470
-3.786740 -2.905880 7.080390
