10.412330 -8.401680 6.343150
10.172970 -8.114440 6.745280
9.684670 -7.989970 6.716550
8.708060 -7.606990 6.046330
6.917620 -7.980400 5.567610
6.132510 -8.995300 6.237830
5.376120 -8.909130 6.515490
4.523980 -9.253810 5.356970
3.662270 -9.502750 3.489930
2.838860 -9.837860 3.049500
2.637790 -10.010200 3.212260
2.465450 -10.326160 3.461200
1.804800 -9.761260 2.733540
1.096290 -9.158070 2.273960
0.617560 -8.066570 1.354800
-0.081380 -6.630380 0.186700
5.376120 -8.909130 6.515490
4.523980 -9.253810 5.356970
3.662270 -9.502750 3.489930
2.838860 -9.837860 3.049500
2.637790 -10.010200 3.212260
2.465450 -10.326160 3.461200
1.804800 -9.761260 2.733540
1.096290 -9.158070 2.273960
0.617560 -8.066570 1.354800
-0.081380 -6.630380 0.186700
-0.531390 -6.831450 -0.167550
-0.531390 -6.592080 -0.713300
-1.067560 -5.548460 -1.220760
-1.699480 -5.519730 -1.412250
-2.235660 -6.027190 -1.852680
-2.360130 -6.324000 -2.034590
-2.005870 -5.883570 -1.460120
-2.063320 -5.481440 -0.722880
-2.551620 -6.936770 -1.086710
-2.580340 -9.598500 -2.072890
-0.531390 -6.831450 -0.167550
-0.531390 -6.592080 -0.713300
-1.067560 -5.548460 -1.220760
-1.699480 -5.519730 -1.412250
-2.235660 -6.027190 -1.852680
-2.360130 -6.324000 -2.034590
-2.005870 -5.883570 -1.460120
-2.063320 -5.481440 -0.722880
-2.551620 -6.936770 -1.086710
-2.580340 -9.598500 -2.072890
-3.078220 -9.368710 -3.920780
-4.581430 -8.344230 -6.582510
-4.916540 -8.372950 -9.062320
-3.173970 -9.943180 -9.502750
-1.431400 -9.282540 -8.631470
-1.699480 -7.425070 -7.013370
-1.948420 -5.768670 -5.318670
2.867580 -10.125100 8.372950
18.780500 -19.594340 19.594340
8.114440 -3.901630 11.762350
-3.078220 -9.368710 -3.920780
-4.581430 -8.344230 -6.582510
-4.916540 -8.372950 -9.062320
-3.173970 -9.943180 -9.502750
-1.431400 -9.282540 -8.631470
-1.699480 -7.425070 -7.013370
-1.948420 -5.768670 -5.318670
2.867580 -10.125100 8.372950
18.780500 -19.594340 19.594340
8.114440 -3.901630 11.762350
2.264380 7.377200 18.521990
-9.071900 3.193120 7.750610
-5.902720 -8.688910 -3.164390
-0.263300 -12.825120 -0.722880
-0.205850 -7.434650 2.666510
-1.278200 -5.404840 3.202690
-3.738870 -6.161230 1.479270
-5.299520 -8.219760 -1.383520
-6.802730 -9.311260 -3.183540
-7.626140 -8.755940 -4.169720
2.264380 7.377200 18.521990
-9.071900 3.193120 7.750610
-5.902720 -8.688910 -3.164390
-0.263300 -12.825120 -0.722880
-0.205850 -7.434650 2.666510
-1.278200 -5.404840 3.202690
-3.738870 -6.161230 1.479270
-5.299520 -8.219760 -1.383520
-6.802730 -9.311260 -3.183540
-7.626140 -8.755940 -4.169720
-7.731460 -8.602740 -6.256970
-7.721880 -8.928280 -9.493180
-8.631470 -8.401680 -11.992140
-9.033600 -9.502750 -12.317670
-7.855930 -8.928280 -12.250650
-7.262300 -7.291030 -12.480440
-6.994220 -7.022940 -11.159150
-4.782490 -6.774000 -8.095290
-2.417580 -6.553790 -4.686750
0.282450 -7.635710 0.655860
-7.731460 -8.602740 -6.256970
-7.721880 -8.928280 -9.493180
-8.631470 -8.401680 -11.992140
-9.033600 -9.502750 -12.317670
-7.855930 -8.928280 -12.250650
-7.262300 -7.291030 -12.480440
-6.994220 -7.022940 -11.159150
-4.782490 -6.774000 -8.095290
-2.417580 -6.553790 -4.686750
0.282450 -7.635710 0.655860
15.438980 -15.008120 19.594340
12.394270 -2.666510 9.167640
3.403760 -5.108030 4.121850
-6.218680 -4.753770 7.731460
-11.934690 -1.488840 2.034590
-3.796310 -6.946340 -4.169720
0.282450 -12.107030 -4.054830
-1.670760 -12.633630 -1.756930
-3.518650 -10.402760 0.071810
-3.825040 -8.009120 0.512240
15.438980 -15.008120 19.594340
12.394270 -2.666510 9.167640
3.403760 -5.108030 4.121850
-6.218680 -4.753770 7.731460
-11.934690 -1.488840 2.034590
-3.796310 -6.946340 -4.169720
0.282450 -12.107030 -4.054830
-1.670760 -12.633630 -1.756930
-3.518650 -10.402760 0.071810
-3.825040 -8.009120 0.512240
-3.920780 -8.009120 0.502660
-4.121850 -8.851680 1.546290
-4.112270 -7.042090 2.417580
-3.633550 -7.808050 2.331410
-3.001620 -10.048500 1.144160
-2.723960 -11.446390 0.301600
-2.340980 -10.096370 -0.119680
-2.111190 -8.966580 1.010120
-1.287780 -8.669760 3.528230
-1.680340 -5.653780 4.121850
-3.920780 -8.009120 0.502660
-4.121850 -8.851680 1.546290
-4.112270 -7.042090 2.417580
-3.633550 -7.808050 2.331410
-3.001620 -10.048500 1.144160
-2.723960 -11.446390 0.301600
-2.340980 -10.096370 -0.119680
-2.111190 -8.966580 1.010120
-1.287780 -8.669760 3.528230
-1.680340 -5.653780 4.121850
-1.450550 -4.351640 7.405920
-0.397340 -3.576100 7.970820
-0.675010 -5.318670 8.229340
-0.205850 -8.363380 7.702730
-0.493090 -9.052750 6.697400
-0.387770 -8.708060 6.553790
-0.023940 -8.478270 5.854840
-0.378200 -7.961250 5.452710
-0.311170 -8.353800 6.505910
-0.004790 -8.363380 6.228250
-0.004790 -7.980400 5.759100
-0.253730 -7.300600 5.481440
-0.215430 -7.530390 5.538880
0.272870 -7.894220 5.663350
0.550540 -8.152740 5.682500
0.684580 -8.574020 5.672930
1.038840 -8.889980 5.797400
1.460120 -9.158070 5.682500
1.546290 -8.822960 5.605900
1.440970 -8.459130 5.806970
-1.450550 -4.351640 7.405920
-0.397340 -3.576100 7.970820
-0.675010 -5.318670 8.229340
-0.205850 -8.363380 7.702730
-0.493090 -9.052750 6.697400
-0.387770 -8.708060 6.553790
-0.023940 -8.478270 5.854840
-0.378200 -7.961250 5.452710
-0.311170 -8.353800 6.505910
-0.004790 -8.363380 6.228250
-0.004790 -7.980400 5.759100
-0.253730 -7.300600 5.481440
-0.215430 -7.530390 5.538880
0.272870 -7.894220 5.663350
0.550540 -8.152740 5.682500
0.684580 -8.574020 5.672930
1.038840 -8.889980 5.797400
1.460120 -9.158070 5.682500
1.546290 -8.822960 5.605900
1.440970 -8.459130 5.806970
1.345230 -7.750610 5.883570
1.575020 -7.980400 6.017610
