10.192120 -9.215510 4.026100
9.857010 -10.412330 3.556950
9.924030 -12.269800 3.308010
9.799560 -4.648450 3.154820
9.655940 -4.725050 2.838860
9.627220 -5.347390 3.250560
9.866590 -5.969740 3.911210
10.163400 -6.563360 4.227170
10.421910 -7.137830 3.834610
10.316590 -7.808050 3.662270
10.192120 -9.215510 4.026100
9.857010 -10.412330 3.556950
9.924030 -12.269800 3.308010
10.364460 -12.863420 3.652690
10.316590 -12.863420 4.361210
9.579350 -14.328330 3.537800
8.344230 -15.209190 2.053740
6.678260 -14.701740 0.923950
5.232500 -14.538970 0.569690
4.830370 -13.715560 0.100530
4.677170 -11.982560 -0.540960
3.738870 -11.025110 -1.900550
2.542050 -10.613400 -2.790980
10.364460 -12.863420 3.652690
10.316590 -12.863420 4.361210
9.579350 -14.328330 3.537800
8.344230 -15.209190 2.053740
6.678260 -14.701740 0.923950
5.232500 -14.538970 0.569690
4.830370 -13.715560 0.100530
4.677170 -11.982560 -0.540960
3.738870 -11.025110 -1.900550
2.542050 -10.613400 -2.790980
2.034590 -10.220840 -3.183540
2.034590 -9.119770 -3.250560
1.833530 -8.459130 -4.102700
0.789900 -7.415500 -5.558030
-0.675010 -7.492090 -6.534640
-0.694160 -8.564440 -6.285700
0.225000 -7.999550 -5.309090
0.789900 -7.999550 -4.638870
0.196280 -7.817630 -5.041010
-0.742030 -5.950590 -6.774000
2.034590 -10.220840 -3.183540
2.034590 -9.119770 -3.250560
1.833530 -8.459130 -4.102700
0.789900 -7.415500 -5.558030
-0.675010 -7.492090 -6.534640
-0.694160 -8.564440 -6.285700
0.225000 -7.999550 -5.309090
0.789900 -7.999550 -4.638870
0.196280 -7.817630 -5.041010
-0.742030 -5.950590 -6.774000
-1.038840 -5.950590 -7.597410
-0.282450 -6.898470 -7.425070
1.019690 -6.888900 -6.371870
1.852680 -6.218680 -4.945260
3.020770 -5.127180 0.272870
16.645370 -12.499590 19.594340
14.902800 -8.372950 -2.685660
4.897390 -5.768670 -1.613310
-9.598500 -3.595250 5.395260
-10.058080 -3.537800 5.127180
-1.038840 -5.950590 -7.597410
-0.282450 -6.898470 -7.425070
1.019690 -6.888900 -6.371870
1.852680 -6.218680 -4.945260
3.020770 -5.127180 0.272870
16.645370 -12.499590 19.594340
14.902800 -8.372950 -2.685660
4.897390 -5.768670 -1.613310
-9.598500 -3.595250 5.395260
-10.058080 -3.537800 5.127180
1.412250 -5.491010 4.935690
2.609070 -5.759100 5.289940
-2.053740 -6.304850 3.997380
-6.965490 -5.529310 1.287780
-8.976150 -4.246320 -0.406920
-7.951670 -5.835700 -1.086710
-7.022940 -7.894220 -2.915450
-7.511240 -7.587840 -5.883570
-9.579350 -7.013370 -10.575100
-11.331490 -6.477190 -14.644290
1.412250 -5.491010 4.935690
2.609070 -5.759100 5.289940
-2.053740 -6.304850 3.997380
-6.965490 -5.529310 1.287780
-8.976150 -4.246320 -0.406920
-7.951670 -5.835700 -1.086710
-7.022940 -7.894220 -2.915450
-7.511240 -7.587840 -5.883570
-9.579350 -7.013370 -10.575100
-11.331490 -6.477190 -14.644290
-11.408090 -5.816550 -16.061330
-10.125100 -4.658020 -14.634720
-8.277210 -4.658020 -12.968740
-8.928280 -5.720800 -14.328330
-8.554870 -5.586760 -12.901720
-3.863340 -6.276120 -3.892060
15.400680 -14.596420 15.027270
7.798480 17.325170 -16.760270
0.368620 0.406920 17.181550
-11.044250 -13.485770 9.904880
-11.408090 -5.816550 -16.061330
-10.125100 -4.658020 -14.634720
-8.277210 -4.658020 -12.968740
-8.928280 -5.720800 -14.328330
-8.554870 -5.586760 -12.901720
-3.863340 -6.276120 -3.892060
15.400680 -14.596420 15.027270
7.798480 17.325170 -16.760270
0.368620 0.406920 17.181550
-11.044250 -13.485770 9.904880
-13.074060 -13.121940 -0.225000
2.781410 -10.737870 2.570770
0.943090 -5.749520 1.929270
-4.083550 -4.581430 2.436730
-5.280370 -8.535720 0.684580
-4.830370 -7.970820 -0.483520
-5.222920 -5.730370 -0.301600
-5.960160 -5.596330 -0.205850
-6.266550 -5.960160 -0.119680
-5.251650 -6.295270 0.234580
-13.074060 -13.121940 -0.225000
2.781410 -10.737870 2.570770
0.943090 -5.749520 1.929270
-4.083550 -4.581430 2.436730
-5.280370 -8.535720 0.684580
-4.830370 -7.970820 -0.483520
-5.222920 -5.730370 -0.301600
-5.960160 -5.596330 -0.205850
-6.266550 -5.960160 -0.119680
-5.251650 -6.295270 0.234580
-4.112270 -6.151650 0.665430
-3.585670 -5.960160 1.230330
-3.949510 -5.634630 1.067560
-4.370790 -5.711230 0.856920
-4.188870 -5.739950 0.837770
-3.748440 -5.548460 0.675010
-3.413330 -5.184620 0.282450
-3.346310 -4.878240 0.196280
-3.260140 -4.715470 0.703730
-3.059070 -4.926110 1.584590
-4.112270 -6.151650 0.665430
-3.585670 -5.960160 1.230330
-3.949510 -5.634630 1.067560
-4.370790 -5.711230 0.856920
-4.188870 -5.739950 0.837770
-3.748440 -5.548460 0.675010
-3.413330 -5.184620 0.282450
-3.346310 -4.878240 0.196280
-3.260140 -4.715470 0.703730
-3.059070 -4.926110 1.584590
-2.551620 -4.926110 2.743110
-1.948420 -5.155900 3.777160
-1.440970 -5.672930 4.227170
-1.632460 -5.251650 4.389940
-2.273960 -4.083550 5.213350
-1.881400 -4.246320 6.429320
-0.598410 -6.295270 7.128260
0.732450 -8.028270 6.965490
1.125010 -7.080390 6.467620
1.326080 -6.142080 6.821870
-2.551620 -4.926110 2.743110
-1.948420 -5.155900 3.777160
-1.440970 -5.672930 4.227170
-1.632460 -5.251650 4.389940
-2.273960 -4.083550 5.213350
-1.881400 -4.246320 6.429320
-0.598410 -6.295270 7.128260
0.732450 -8.028270 6.965490
1.125010 -7.080390 6.467620
1.326080 -6.142080 6.821870
1.756930 -7.472940 7.453800
2.465450 -8.775080 7.559120
2.953750 -9.024020 8.248480
3.451630 -8.363380 8.602740
3.489930 -6.850600 7.989970
3.643120 -6.726130 7.530390
4.188870 -7.942100 7.568690
4.954840 -8.286780 7.913370
5.385690 -7.501670 8.009120
5.558030 -7.319750 7.453800
1.756930 -7.472940 7.453800
2.465450 -8.775080 7.559120
2.953750 -9.024020 8.248480
3.451630 -8.363380 8.602740
3.489930 -6.850600 7.989970
