4.801640 -10.871910 4.916540
4.026100 -10.345310 3.595250
3.183540 -9.981480 3.604820
3.250560 -9.617650 4.006950
3.011200 -8.669760 3.604820
2.475020 -8.468700 3.126090
1.958000 -8.095290 2.618640
1.364370 -7.377200 1.479270
0.588840 -6.381440 1.737780
0.282450 -5.711230 2.915450
0.761180 -7.128260 2.542050
0.464370 -7.176130 1.565440
-0.636710 -6.304850 0.627130
-1.488840 -5.931440 0.646280
3.011200 -8.669760 3.604820
2.475020 -8.468700 3.126090
1.958000 -8.095290 2.618640
1.364370 -7.377200 1.479270
0.588840 -6.381440 1.737780
0.282450 -5.711230 2.915450
0.761180 -7.128260 2.542050
0.464370 -7.176130 1.565440
-0.636710 -6.304850 0.627130
-1.488840 -5.931440 0.646280
-1.201610 -5.960160 1.268630
-0.617560 -6.237830 1.862250
-0.885650 -5.289940 2.197360
-1.910120 -4.026100 2.589920
-2.542050 -3.413330 2.494170
-3.087800 -3.815460 1.393100
-3.336730 -5.739950 0.866500
-3.173970 -6.793150 1.287780
-2.829280 -6.697400 2.101620
-2.877160 -5.988890 2.417580
-1.201610 -5.960160 1.268630
-0.617560 -6.237830 1.862250
-0.885650 -5.289940 2.197360
-1.910120 -4.026100 2.589920
-2.542050 -3.413330 2.494170
-3.087800 -3.815460 1.393100
-3.336730 -5.739950 0.866500
-3.173970 -6.793150 1.287780
-2.829280 -6.697400 2.101620
-2.877160 -5.988890 2.417580
-3.432480 -5.270800 2.235660
-4.026100 -5.309090 1.642040
-4.303770 -5.960160 -0.330320
-4.591000 -6.975070 -2.637790
-4.744190 -7.511240 -3.106940
-5.088880 -6.419740 -2.800560
-4.830370 -5.816550 -1.967570
-4.102700 -6.256970 -0.493090
-3.442050 -6.735700 0.588840
-2.656940 -7.645290 5.471860
-3.432480 -5.270800 2.235660
-4.026100 -5.309090 1.642040
-4.303770 -5.960160 -0.330320
-4.591000 -6.975070 -2.637790
-4.744190 -7.511240 -3.106940
-5.088880 -6.419740 -2.800560
-4.830370 -5.816550 -1.967570
-4.102700 -6.256970 -0.493090
-3.442050 -6.735700 0.588840
-2.656940 -7.645290 5.471860
12.490010 -14.902800 19.594340
8.995300 -7.606990 5.759100
-0.406920 -3.844190 4.485680
-10.421910 -4.878240 8.171890
-8.066570 -6.237830 5.318670
-0.205850 -7.415500 3.997380
-1.249480 -7.415500 4.629300
-3.614400 -7.118690 4.744190
-4.131420 -6.745280 3.384610
-4.447380 -6.668680 2.082470
12.490010 -14.902800 19.594340
8.995300 -7.606990 5.759100
-0.406920 -3.844190 4.485680
-10.421910 -4.878240 8.171890
-8.066570 -6.237830 5.318670
-0.205850 -7.415500 3.997380
-1.249480 -7.415500 4.629300
-3.614400 -7.118690 4.744190
-4.131420 -6.745280 3.384610
-4.447380 -6.668680 2.082470
-6.429320 -6.841020 1.584590
-7.846350 -7.252730 0.981390
-7.760180 -7.836780 0.000000
-7.243150 -8.143160 -1.469690
-7.788900 -7.827200 -3.451630
-8.803810 -7.626140 -4.514410
-8.277210 -7.721880 -4.629300
-6.936770 -7.683580 -4.533550
-6.343150 -7.415500 -5.414410
-6.017610 -7.099540 -6.122930
-6.429320 -6.841020 1.584590
-7.846350 -7.252730 0.981390
-7.760180 -7.836780 0.000000
-7.243150 -8.143160 -1.469690
-7.788900 -7.827200 -3.451630
-8.803810 -7.626140 -4.514410
-8.277210 -7.721880 -4.629300
-6.936770 -7.683580 -4.533550
-6.343150 -7.415500 -5.414410
-6.017610 -7.099540 -6.122930
-4.839940 -8.171890 -4.141000
3.949510 -12.509160 17.478360
17.076230 -6.582510 9.933610
0.406920 -5.519730 -3.815460
-6.266550 -8.095290 5.778250
-14.452800 -5.960160 4.686750
-3.384610 -6.276120 2.178210
1.192030 -8.507000 3.288860
-0.789900 -8.880400 3.566520
-3.202690 -8.344230 3.039920
-4.839940 -8.171890 -4.141000
3.949510 -12.509160 17.478360
17.076230 -6.582510 9.933610
0.406920 -5.519730 -3.815460
-6.266550 -8.095290 5.778250
-14.452800 -5.960160 4.686750
-3.384610 -6.276120 2.178210
1.192030 -8.507000 3.288860
-0.789900 -8.880400 3.566520
-3.202690 -8.344230 3.039920
-3.872910 -7.070810 3.633550
-3.078220 -6.955920 4.878240
-2.905880 -7.635710 5.069730
-3.355880 -8.047420 4.485680
-3.930360 -7.932520 3.825040
-4.255890 -8.076140 3.250560
-4.198450 -8.382530 2.589920
-4.035680 -8.085720 2.273960
-3.777160 -7.721880 2.972900
-3.662270 -7.721880 3.585670
-3.872910 -7.070810 3.633550
-3.078220 -6.955920 4.878240
-2.905880 -7.635710 5.069730
-3.355880 -8.047420 4.485680
-3.930360 -7.932520 3.825040
-4.255890 -8.076140 3.250560
-4.198450 -8.382530 2.589920
-4.035680 -8.085720 2.273960
-3.777160 -7.721880 2.972900
-3.662270 -7.721880 3.585670
-3.758010 -7.511240 3.930360
-3.681420 -6.678260 4.361210
-3.260140 -6.438890 4.361210
-3.604820 -6.113360 3.097370
-4.131420 -6.486770 2.063320
-4.121850 -7.109110 2.446300
-3.212260 -6.716550 4.428230
-2.025020 -5.347390 6.553790
-1.038840 -5.289940 6.448470
-1.450550 -5.404840 4.447380
-3.758010 -7.511240 3.930360
-3.681420 -6.678260 4.361210
-3.260140 -6.438890 4.361210
-3.604820 -6.113360 3.097370
-4.131420 -6.486770 2.063320
-4.121850 -7.109110 2.446300
-3.212260 -6.716550 4.428230
-2.025020 -5.347390 6.553790
-1.038840 -5.289940 6.448470
-1.450550 -5.404840 4.447380
-2.580340 -4.648450 3.959080
-2.522900 -2.656940 3.489930
-2.130340 -2.350550 2.340980
-1.450550 -4.581430 1.766510
-0.349470 -4.255890 3.049500
-0.540960 -3.815460 4.418660
-0.837770 -4.705900 5.031430
-0.818620 -4.485680 5.194200
-1.364370 -3.614400 5.203770
-1.201610 -4.916540 5.261220
-2.580340 -4.648450 3.959080
-2.522900 -2.656940 3.489930
-2.130340 -2.350550 2.340980
-1.450550 -4.581430 1.766510
-0.349470 -4.255890 3.049500
-0.540960 -3.815460 4.418660
-0.837770 -4.705900 5.031430
-0.818620 -4.485680 5.194200
-1.364370 -3.614400 5.203770
-1.201610 -4.916540 5.261220
-0.320750 -7.013370 5.902720
0.454790 -7.875080 6.706980
0.847350 -7.539970 7.166560
0.914370 -6.764430 7.271880
