-6.65911,3.78674,4.34206
-6.62081,3.71972,4.52398
-6.57294,3.56652,4.66760
-6.61123,3.41333,4.89739
-6.55379,3.30801,5.06973
-6.62081,3.60482,4.84952
-6.65911,3.56652,4.72505
-6.64953,3.54737,4.55270
-6.72613,3.54737,4.43781
-6.64953,3.56652,4.47611
-6.62081,3.62397,4.44738
-6.65911,3.58567,4.46653
-6.62081,3.50908,4.53355
-6.58251,3.48993,4.61015
-6.59208,3.43248,4.67717
-6.52506,3.53780,4.64845
-6.62081,3.46120,4.61015
-6.51549,3.36546,4.64845
-6.51549,3.44205,4.61015
-6.54421,3.51865,4.61972
-6.58251,3.52823,4.56228
-6.60166,3.51865,4.63887
-6.60166,3.62397,4.62930
-6.62081,3.59525,4.65802
-6.53464,3.50908,4.64845
-6.55379,3.53780,4.56228
-6.58251,3.55695,4.50483
-6.62081,3.48993,4.40909
-6.59208,3.40376,4.31334
-6.61123,3.49950,4.41866
-6.76443,3.20269,4.21759
-6.68783,3.39418,4.10270
-6.74528,3.45163,3.72929
-6.91762,3.34631,3.58567
-6.97507,3.47078,3.58567
-6.88890,3.66227,3.62397
-6.90805,3.75801,3.64312
-7.10911,3.72929,3.57610
-7.37720,3.63355,3.43248
-6.75485,3.59525,4.58143
-6.80273,3.58567,4.75377
-6.74528,3.46120,4.92611
-6.84102,3.32716,4.88781
-6.90805,3.26014,4.78249
-6.73570,3.42291,4.69632
-6.50591,3.44205,4.86866
-6.63996,3.47078,4.76334
-6.76443,3.27929,4.53355
-6.71655,3.11652,4.36121
-7.37720,3.69099,3.35588
-6.91762,3.55695,3.21226
-7.19528,3.75801,2.96333
-7.27188,3.89206,2.85801
-7.12826,3.80589,2.98248
-7.11869,3.50908,3.04950
-7.33890,3.26014,2.81013
-7.37720,3.14524,2.61864
-7.32933,3.21226,2.63779
-7.23358,3.36546,2.83886
-7.28145,3.48035,2.90588
-7.32933,3.62397,2.84843
-7.45380,3.65269,2.69524
-7.61656,3.55695,2.75269
-7.74103,3.42291,2.81971
-7.77933,3.49950,2.75269
-7.91337,3.71972,2.67609
-7.94210,3.72929,2.73354
-7.80805,3.48993,2.78141
-7.85593,3.19312,2.56120
-7.89422,3.14524,2.39843
-7.81763,3.24099,2.40800
-7.67401,3.28886,2.50375
-7.57826,3.21226,2.47502
-7.61656,3.10694,2.33141
-7.68358,3.14524,2.26438
-7.64529,3.22184,2.41758
-7.60699,3.18354,2.57077
-7.67401,3.11652,2.54205
-7.71231,3.12609,2.38885
-7.76018,3.22184,2.34098
-7.87508,3.26014,2.46545
-7.86550,3.26971,2.65694
-7.80805,3.17397,2.60907
-7.76018,3.26971,2.42715
-7.78890,3.40376,2.41758
-7.82720,3.37503,2.47502
-7.76976,3.12609,2.42715
-7.77933,3.00162,2.26438
-7.84635,3.18354,2.17821
-7.83678,3.48993,2.30268
-7.75061,3.56652,2.46545
-7.76018,3.29844,2.42715
-7.77933,3.06865,2.23566
-7.81763,3.15482,2.06332
-7.83678,3.24099,2.09204
-7.91337,3.18354,2.11119
-7.86550,3.05907,2.07289
-7.94210,3.07822,2.02502
-8.01869,3.20269,2.12077
-8.10487,3.31759,2.08247
-8.08572,3.23141,2.00587
-7.98040,2.96333,1.91012
-7.98997,2.99205,1.78566
-8.07614,3.30801,1.89098
-8.11444,3.41333,2.13991
-8.10487,3.28886,2.08247
-7.94210,3.03992,1.91970
-7.99955,2.95375,1.43140
-8.45913,2.91545,1.09629
-8.89955,2.85801,1.24948
-8.78466,2.93460,1.56544
-8.40168,2.88673,1.62289
-8.40168,2.69524,1.03884
-8.52615,2.70481,0.64628
-8.66976,3.29844,0.56969
-8.96658,3.65269,0.69416
-8.93785,3.67184,0.58884
-8.86126,3.45163,0.44522
-8.88998,3.32716,0.18670
-8.70806,3.44205,-0.21543
-8.42083,4.61972,-1.23991
-8.60274,5.22292,-2.47502
-8.86126,4.98356,-3.62397
-8.91870,4.64845,-4.45696
-8.70806,4.72505,-4.51441
-8.92828,5.01228,-4.86866
-9.27296,5.51973,-5.05058
-8.83253,5.88357,-4.97398
-8.48785,5.90272,-5.31867
-8.65062,4.97398,-5.27080
-8.46870,3.94951,-4.64845
-7.94210,3.93993,-3.28886
-7.57826,4.86866,-1.76651
-7.10911,4.77292,-0.78033
-6.87932,3.97823,0.10053
-6.82187,3.66227,0.76118
-6.19953,3.12609,1.31650
-4.70590,2.25481,1.92927
-3.59525,1.12501,2.32183
-2.86758,0.67501,3.37503
-2.13991,0.75160,4.79207
-0.96224,0.33990,5.71123
0.73245,0.08138,6.01761
2.18779,-0.93352,6.41017
4.50483,-2.39843,7.97082
6.98464,-3.95908,9.61765
9.04317,-7.24315,12.51874
10.20169,-9.82829,15.11344
8.81338,-8.63147,15.09430
5.96016,-6.79315,13.78258
4.27504,-7.17613,13.90705
4.34206,-7.47294,14.22301
4.49526,-6.01761,13.73471
3.23141,-4.95484,12.68150
1.01969,-4.28462,12.26980
0.34947,-3.84419,12.52831
1.83353,-2.93460,13.01661
1.71863,-2.20694,12.21235
-0.42607,-2.57077,11.34107
-1.27820,-3.58567,11.39851
-0.05266,-3.63355,11.69533
0.62713,-2.26438,11.87724
-0.41649,-1.98672,11.81979
-1.23033,-2.90588,11.20702
-1.01969,-2.42715,9.55062
-1.40267,-1.36437,8.66019
-1.43140,-1.95800,8.21019
-1.69948,-1.21118,6.66868
-3.32716,0.67501,5.33782
-4.97398,1.73778,4.38036
-5.27080,1.90055,3.90163
-5.04101,2.13034,3.22184
-5.03143,2.25481,2.28353
-5.64420,3.40376,1.88140
-6.31442,4.51441,2.17821
-6.51549,2.60907,3.09737
-5.80697,0.99097,2.21651
-5.28994,1.94842,0.77075
-5.51973,2.85801,0.22500
-5.98889,3.16439,-0.79948
-6.16123,3.70057,-1.79523
-5.92187,4.16972,-2.13034
-6.13251,4.66760,-2.49417
-6.86975,5.53888,-3.60482
-7.30060,6.50591,-4.47611
-7.49209,7.61656,-5.14633
-7.72188,8.75594,-5.51016
-7.83678,10.01978,-5.96016
-7.91337,10.80489,-6.03676
-7.73146,10.23042,-5.26122
-7.17613,8.66019,-3.62397
-7.16656,7.23358,-2.45587
-7.29103,6.28570,-1.75693
-7.23358,5.85484,-1.22076
-7.00379,5.99846,-0.78033
-7.01337,5.86442,-0.39734
-7.06124,5.20377,-0.06223
-7.11869,4.58143,0.44522
-7.32933,4.40909,0.64628
-7.55912,4.80164,0.59841
-7.43465,5.05058,0.67501
-7.37720,4.99313,0.41649
-7.35805,4.89739,0.28245
-7.29103,4.76334,0.20585
-7.38677,5.04101,0.17713
-7.44422,5.39526,0.18670
-7.31975,5.33782,0.23458
-7.22401,5.24207,0.36862
-7.32933,5.14633,0.17713
-7.33890,5.13675,-0.05266
-7.41550,5.44314,-0.06223
-7.41550,5.47186,0.33032
-7.38677,5.22292,0.64628
-7.42507,5.10803,0.67501
-7.37720,4.94526,0.49309
-7.36762,4.95484,0.31117
-7.31975,5.12718,0.53139
-7.22401,4.94526,0.72288
-7.29103,4.98356,0.69416
-7.34847,5.07930,0.66543
-7.19528,5.06973,0.76118
-7.03251,5.24207,0.71330
-7.04209,5.44314,0.63671
-7.19528,5.44314,0.56011
-7.18571,5.39526,0.75160
-6.98464,5.16548,1.01012
-7.05166,4.97398,1.03884
-7.19528,5.20377,0.95267
-7.26230,5.41441,0.89522
-7.19528,5.28037,0.94309
-7.21443,5.13675,0.95267
-7.31975,4.88781,0.96224
-7.43465,4.71547,1.04841
-7.35805,4.78249,1.31650
-7.37720,4.98356,1.50799
-7.56869,4.87824,1.57502
-7.46337,4.67717,1.53672
-7.41550,4.79207,1.52714
