7.54954,0.26330,7.02294
7.55912,0.28245,7.03251
7.52082,0.22500,6.97507
7.49209,0.32075,7.00379
7.54954,0.39734,7.08996
7.57826,0.37820,7.06124
7.57826,0.27287,6.98464
7.51124,0.21543,6.93677
7.46337,0.20585,6.90805
7.54954,0.27287,6.87932
7.59741,0.39734,6.95592
7.57826,0.37820,6.92719
7.53039,0.29202,6.90805
7.48252,0.21543,6.84102
7.53997,0.21543,6.86975
7.55912,0.39734,6.98464
7.60699,0.37820,7.01337
7.56869,0.22500,6.86017
7.57826,0.11968,6.81230
7.60699,0.16755,6.85060
7.68358,0.25373,6.93677
7.66444,0.31117,6.94634
7.57826,0.28245,6.92719
7.43465,0.30160,6.86017
7.41550,0.23458,6.82187
7.52082,0.26330,6.86017
7.55912,0.32075,6.91762
7.47294,0.41649,7.04209
7.48252,0.37820,7.07081
7.59741,0.25373,7.03251
7.65486,0.21543,7.09954
7.67401,0.25373,7.15698
7.66444,0.28245,7.20486
7.63571,0.28245,7.16656
7.62614,0.25373,7.08996
7.56869,0.13883,7.02294
7.48252,0.10053,6.85060
7.43465,0.11968,6.86975
7.49209,0.27287,6.89847
7.57826,0.22500,6.88890
7.45380,0.15798,6.86017
7.58784,0.15798,6.88890
7.71231,0.08138,7.02294
7.64529,0.00000,6.96549
7.53997,0.04309,7.00379
7.60699,0.19628,7.18571
7.70273,0.24415,7.18571
7.56869,0.07181,7.05166
7.32933,-0.00479,6.95592
7.33890,0.01436,6.94634
7.44422,0.00000,7.01337
7.46337,0.03351,7.07081
7.44422,0.06223,7.12826
7.46337,0.02394,7.02294
7.51124,0.00000,6.89847
7.45380,-0.06223,6.96549
7.48252,0.02394,6.96549
7.50167,0.05266,6.97507
7.47294,-0.02394,6.99422
7.37720,-0.04309,6.93677
7.31018,0.03351,6.98464
7.38677,0.28245,6.99422
7.73146,0.06223,6.97507
7.44422,-0.40692,7.22401
7.36762,0.21543,7.08996
7.57826,0.00479,6.97507
7.41550,-0.11968,6.82187
7.32933,0.00000,7.00379
7.39635,-0.01436,6.87932
7.39635,-0.11011,6.77400
7.37720,-0.03351,6.88890
7.32933,-0.08138,6.84102
7.24315,-0.11968,6.75485
7.31975,-0.00479,6.88890
7.44422,0.00000,7.02294
7.45380,-0.09096,6.99422
7.46337,-0.32075,6.96549
7.50167,-0.18670,6.94634
7.58784,-0.12926,7.14741
7.56869,-0.10053,7.12826
7.54954,-0.18670,7.21443
7.54954,-0.22500,7.19528
7.61656,-0.30160,7.20486
7.55912,-0.25373,7.18571
7.53039,-0.17713,7.24315
7.52082,-0.17713,7.22401
7.61656,-0.17713,7.26230
7.60699,-0.13883,7.30060
7.53039,-0.11968,7.29103
7.45380,-0.06223,7.30060
7.53039,-0.18670,7.34847
7.62614,-0.24415,7.23358
7.63571,-0.26330,7.27188
7.65486,-0.18670,7.17613
7.62614,-0.31117,7.10911
7.53039,-0.26330,7.08039
7.61656,-0.22500,7.08039
7.65486,-0.17713,7.08996
7.59741,-0.20585,6.95592
7.48252,-0.22500,6.87932
7.51124,-0.16755,6.86975
7.57826,-0.13883,6.86017
7.51124,-0.01436,6.83145
7.53039,-0.01436,6.81230
7.44422,-0.11011,6.75485
7.43465,-0.23458,6.58251
7.51124,-0.13883,6.61123
7.57826,0.11968,6.74528
7.55912,0.15798,6.77400
7.45380,0.11011,6.56336
7.53997,-0.08138,6.50591
7.63571,-0.01436,6.60166
7.67401,0.13883,6.73570
7.60699,0.33990,6.95592
7.61656,0.32075,6.99422
7.67401,0.22500,6.96549
7.72188,0.25373,7.03251
7.71231,0.13883,7.00379
7.59741,0.02394,6.85060
7.60699,0.04309,6.92719
7.74103,0.18670,6.98464
7.79848,0.29202,6.94634
7.82720,0.07181,6.83145
7.75061,-0.02394,6.71655
7.72188,-0.11011,6.68783
7.63571,-0.07181,6.67826
7.76018,0.06223,6.72613
7.93252,0.26330,6.85060
7.94210,0.33990,6.97507
7.85593,0.08138,6.86975
7.89422,-0.34947,6.64953
8.07614,-0.61756,6.86975
8.37295,-0.21543,7.53039
8.42083,0.84735,8.82296
8.67934,1.77608,9.81871
8.89955,1.74736,9.98148
8.64104,1.19203,9.72297
8.35380,1.48884,10.38361
8.37295,2.79098,11.29319
8.78466,2.26438,12.14533
8.75594,0.72288,11.99214
8.68891,-0.07181,12.39427
8.60274,0.89522,13.48577
8.61232,0.96224,13.91662
8.28678,0.50266,14.44322
7.93252,0.10053,14.49110
7.77933,-0.63671,14.29003
7.76018,-1.68034,14.12726
8.22934,-2.76226,13.87833
8.73679,-3.93036,13.57194
9.24424,-5.50059,13.96450
9.74212,-6.48677,14.42408
10.00063,-6.17080,14.28046
9.54105,-4.78249,13.55279
8.47827,-3.78674,11.85809
7.30060,-4.47611,10.51765
6.67826,-4.91654,9.02402
5.89314,-3.06865,7.06124
4.61015,-1.46012,4.90696
3.05907,-1.43140,3.03992
1.78566,-0.59841,1.11544
1.11544,0.11968,0.36862
1.09629,0.14841,0.06223
0.64628,-0.12926,-0.96224
-0.54096,0.69416,-1.87183
-1.33565,0.72288,-2.48460
-1.77608,0.33032,-2.89630
-1.92927,0.52181,-3.57610
-2.36970,0.67501,-4.22717
-3.27929,0.62713,-4.73462
-4.02610,0.80905,-5.52931
-4.55270,0.66543,-6.18038
-5.36654,1.34523,-6.78358
-5.90272,1.84310,-7.13783
-6.34315,2.45587,-7.64529
-6.60166,3.26971,-8.38253
-6.99422,3.84419,-8.52615
-7.46337,3.89206,-7.81763
-7.85593,4.06440,-7.43465
-7.98997,4.44738,-7.44422
-7.97082,4.86866,-7.30060
-7.86550,4.73462,-6.55379
-7.75061,4.08355,-5.94102
-7.76976,3.46120,-5.07930
-7.91337,3.42291,-4.13142
-7.80805,3.42291,-3.40376
-7.87508,3.14524,-3.06865
-7.97082,3.33673,-2.85801
-7.98040,2.99205,-2.55162
-8.06657,2.61864,-2.36970
-8.08572,2.50375,-2.27396
-8.01869,2.48460,-2.36013
-7.98040,2.52290,-2.43673
-7.99955,2.84843,-2.63779
-7.97082,2.81971,-2.66651
-7.94210,2.61864,-2.62822
-8.09529,2.66651,-2.65694
-8.11444,2.81971,-2.64737
-7.98997,3.00162,-2.82928
-7.98040,3.00162,-2.96333
-7.99955,3.33673,-2.96333
-8.01869,3.26014,-2.91545
-8.07614,2.97290,-3.03992
-8.00912,2.67609,-2.88673
-7.98040,2.96333,-3.06865
-7.98997,3.10694,-3.12609
-7.98997,3.26014,-3.02077
-7.97082,3.43248,-2.75269
-7.95167,3.15482,-2.50375
-8.01869,2.82928,-2.60907
-8.12401,2.70481,-2.60907
-8.08572,2.83886,-2.56120
-8.08572,2.86758,-2.70481
-8.13359,2.81013,-2.66651
-8.04742,3.07822,-2.63779
-7.99955,3.10694,-2.59949
-8.07614,2.87716,-2.64737
-8.12401,2.79098,-2.67609
-8.13359,3.05907,-2.55162
-8.06657,3.24099,-2.60907
-8.06657,3.13567,-2.51332
-8.08572,3.22184,-2.54205
-8.08572,3.03035,-2.43673
-8.08572,2.94418,-2.39843
-8.00912,2.92503,-2.27396
-7.97082,2.97290,-2.26438
-8.11444,2.99205,-2.36970
-8.11444,3.08780,-2.36970
-8.00912,3.13567,-2.29311
-8.00912,3.05907,-2.33141
-7.97082,3.08780,-2.36970
-7.95167,3.07822,-2.38885
-8.01869,3.00162,-2.45587
-8.03784,3.14524,-2.43673
-7.97082,3.27929,-2.36970
-8.05699,3.33673,-2.30268
-8.05699,3.45163,-2.30268
-7.99955,3.24099,-2.20694
-8.06657,3.15482,-2.22609
-8.00912,3.13567,-2.16864
-8.07614,3.11652,-2.15906
-8.11444,3.31759,-2.13991
-8.03784,3.23141,-2.19736
-8.01869,3.13567,-2.30268
-8.01869,3.14524,-2.28353
-8.08572,3.21226,-2.22609
-8.05699,3.30801,-2.24523
-7.96125,3.39418,-2.27396
-7.96125,3.37503,-2.20694
-8.02827,3.28886,-2.26438
