-7.750610 3.796310 2.953750
-7.808050 3.470780 2.925030
-7.769760 3.231410 2.886730
-7.712310 3.384610 2.838860
-7.683580 3.633550 2.886730
-7.674010 3.681420 2.925030
-7.741030 3.556950 2.858010
-7.798480 3.384610 2.800560
-7.731460 3.461200 2.838860
-7.616560 3.719720 2.982480
-7.444220 3.959080 3.087800
-7.434650 3.911210 3.097370
-7.453800 3.633550 3.001620
-7.415500 3.470780 2.953750
-7.329330 3.604820 3.078220
-7.281450 3.786740 3.240990
-7.319750 3.872910 3.317590
-7.415500 3.911210 3.240990
-7.338900 3.700570 3.106940
-7.262300 3.556950 2.963330
-7.396350 3.681420 2.972900
-7.463370 3.901630 3.068650
-7.520820 4.035680 2.982480
-7.549540 3.920780 2.905880
-7.587840 3.920780 2.905880
-7.664440 4.073980 2.896300
-7.645290 4.265470 2.944180
-7.760180 4.437810 2.905880
-8.047420 4.447380 2.829280
-8.181460 4.447380 2.733540
-8.133590 4.313340 2.695240
-8.162310 4.169720 2.637790
-8.258060 4.255890 2.513320
-8.296360 4.552700 2.551620
-8.353800 4.581430 2.714390
-8.420830 4.342060 2.838860
-8.497420 4.141000 2.676090
-8.516570 4.093120 2.580340
-8.334650 4.016530 2.810130
-8.334650 3.796310 3.030350
-8.593170 3.681420 3.049500
-8.554870 3.662270 2.944180
-8.286780 3.489930 2.905880
-8.267630 3.231410 2.790980
-8.277210 3.020770 2.944180
-7.836780 2.771840 3.126090
-7.444220 2.609070 3.106940
-7.156980 2.503750 3.231410
-7.099540 2.484600 3.489930
-7.042090 2.369700 3.547370
-6.764430 1.823950 3.767590
-6.544210 1.125010 4.006950
-6.553790 1.115440 3.853760
-6.611230 1.584590 3.920780
-6.726130 1.565440 3.911210
-6.343150 0.914370 3.815460
-5.969740 0.368620 3.681420
-5.596330 -0.043090 4.466530
-5.519730 -0.540960 5.414410
-5.299520 -1.086710 6.295270
-4.217590 -1.890980 7.214430
-2.944180 -2.159060 7.559120
-2.494170 -2.264380 7.693160
-2.513320 -2.120770 7.501670
-2.034590 -2.302680 7.252730
-0.837770 -2.618640 7.396350
0.205850 -2.455870 8.047420
0.981390 -1.996300 8.889980
1.373950 -1.977150 9.387860
1.192030 -1.967570 8.660190
1.460120 -2.388850 8.765510
2.082470 -1.929270 9.770840
2.005870 -0.636710 9.885730
1.814380 -0.119680 9.962330
1.814380 -1.010120 10.153820
1.709060 -2.589920 10.000630
1.249480 -3.652690 9.933610
0.933520 -3.805890 9.924030
0.761180 -2.867580 10.307010
0.655860 -1.958000 10.795320
0.033510 -2.063320 10.622970
-0.359050 -2.858010 10.469780
-0.043090 -2.896300 10.594250
0.234580 -2.379280 11.159150
0.397340 -1.977150 11.436810
0.186700 -2.494170 11.293190
0.215430 -3.413330 11.111280
0.215430 -3.901630 10.402760
0.148410 -3.978230 9.627220
0.014360 -4.160150 9.531480
-0.263300 -4.160150 9.799560
-0.627130 -4.294190 9.761260
-0.627130 -4.303770 9.627220
-0.684580 -4.102700 9.531480
-0.799480 -4.016530 9.100620
-1.192030 -4.160150 8.382530
-1.938850 -3.987800 7.683580
-3.030350 -3.164390 6.716550
-3.623970 -2.676090 6.687830
-3.087800 -2.829280 6.879320
-2.676090 -2.350550 6.295270
-3.863340 -0.962240 5.577180
-5.845270 0.014360 5.337820
-6.659110 0.330320 5.548460
-5.605900 0.196280 5.644200
-4.160150 -0.177130 5.433560
-4.265470 0.272870 4.878240
-5.366540 1.019690 4.380360
-6.486770 1.996300 3.853760
-7.156980 2.781410 3.298440
-7.080390 3.039920 2.934600
-6.419740 2.877160 3.135670
-6.237830 2.925030 2.925030
-6.639960 3.269710 2.417580
-6.735700 3.480350 2.331410
-6.793150 3.882480 2.302680
-6.927190 4.514410 1.948420
-6.955920 5.079300 1.364370
-6.812300 5.194200 1.019690
-6.764430 5.280370 0.445220
-6.783580 5.309090 0.110110
-6.697400 5.117600 -0.004790
-6.544210 5.596330 -0.330320
-6.812300 6.687830 -0.416490
-7.156980 7.750610 -0.272870
-7.386770 8.392100 -0.426070
-7.654860 8.593170 -1.048410
-7.635710 8.296360 -1.546290
-7.549540 8.076140 -2.082470
-7.635710 8.095290 -2.293110
-7.654860 7.951670 -1.689910
-7.472940 7.817630 -1.029270
-7.415500 7.405920 -0.368620
-7.559120 6.630380 0.110110
-7.520820 5.586760 0.435640
-7.329330 5.098450 0.627130
-7.271880 5.605900 0.157980
-7.338900 6.055910 -0.359050
-7.204860 5.902720 -0.406920
-6.946340 5.251650 0.100530
-6.831450 4.945260 0.521810
-7.089960 5.280370 0.540960
-7.262300 5.730370 0.579260
-7.281450 5.720800 0.722880
-7.204860 5.242070 0.789900
-7.051660 5.021860 0.818620
-7.022940 5.136750 0.952670
-7.137830 5.261220 0.923950
-7.252730 5.395260 0.732450
-7.425070 5.452710 0.761180
-7.367620 5.395260 0.809050
