13.131510 -6.304850 4.581430
12.978320 -6.946340 5.136750
12.758100 -8.861260 4.265470
12.413420 -9.895310 3.231410
12.154900 -10.192120 3.030350
11.455960 -9.550620 3.135670
10.345310 -9.004870 2.484600
9.244240 -9.981480 1.421820
8.392100 -9.904880 0.378200
7.922950 -9.311260 0.521810
7.961250 -8.880400 1.144160
7.683580 -8.487850 1.086710
7.233580 -7.300600 0.885650
6.285700 -5.979310 0.512240
5.826120 -4.887810 0.445220
6.151650 -4.150570 1.709060
5.931440 -2.302680 5.213350
5.433560 -1.488840 6.304850
4.744190 -0.847350 6.697400
4.811220 0.397340 8.344230
4.744190 1.498420 10.555950
4.332490 2.388850 11.810220
3.968660 2.015450 12.557040
4.236740 0.866500 12.547460
4.169720 -0.818620 11.522980
3.825040 -2.273960 10.019780
3.489930 -3.700570 8.631470
3.518650 -4.973980 7.549540
3.336730 -6.630380 5.988890
3.078220 -8.669760 4.351640
2.781410 -10.010200 3.470780
2.589920 -10.192120 2.877160
2.685660 -10.900640 1.881400
2.254810 -11.484690 -0.120000
0.952670 -12.365540 -3.049500
-0.914370 -13.926200 -5.912290
-2.302680 -14.232580 -6.678260
-2.695240 -13.495340 -6.381440
-2.551620 -13.217680 -5.950590
-2.092040 -12.748530 -5.108030
-1.661190 -12.576190 -3.959080
-1.412250 -12.135760 -3.001620
-0.866500 -8.650620 -0.483520
-0.416490 -7.147410 0.799480
0.464370 -7.779330 1.929270
1.412250 -9.110190 2.149490
2.331410 -9.454880 3.221840
3.164390 -7.520820 6.429320
3.652690 -5.203770 10.603830
3.403760 -3.384610 13.715560
2.494170 -1.450550 15.075150
1.785660 0.560110 16.913460
1.316500 1.029270 18.656030
1.632460 -0.071810 19.297530
2.025020 -0.205850 19.048590
1.670760 -0.397340 17.641130
1.192030 -0.895220 15.774090
1.172880 -1.010120 14.519820
1.555870 -2.206940 13.648540
1.776080 -3.384610 12.193200
1.948420 -4.275040 10.967660
2.072890 -5.395260 9.588920
2.111190 -6.601660 8.143160
1.996300 -7.769760 6.821870
1.642040 -8.372950 5.701650
1.268630 -9.024020 4.523980
1.278200 -10.383610 3.556950
1.402670 -11.015530 2.580340
0.981390 -11.896390 0.981390
0.205850 -13.169810 -1.182460
-0.818620 -13.878330 -3.126090
-1.747360 -13.840030 -4.016530
-2.398430 -13.064490 -4.351640
-2.953750 -12.260220 -4.227170
-3.039920 -12.154900 -3.748440
-2.781410 -11.666600 -3.039920
-2.704810 -10.833610 -1.823950
-2.475020 -9.991050 -0.646280
-2.542050 -8.353800 -0.856920
-3.154820 -7.137830 -0.521810
-3.346310 -6.601660 0.531390
-2.676090 -6.103780 1.565440
-1.163310 -5.931440 6.831450
-0.770750 -4.035680 10.115520
-2.178210 -2.992050 9.292110
-3.623970 -3.059070 6.333570
-1.689910 -5.031430 8.775080
1.182460 -6.582510 13.208110
-0.071810 0.636710 14.069820
-4.064400 1.632460 11.000000
-3.671840 -6.295270 8.439980
-1.230330 -11.570860 7.022940
-1.661190 -9.196370 6.563360
-2.178210 -6.410170 7.922950
-2.522900 -5.404840 8.526150
-2.676090 -5.471860 7.405920
-2.475020 -6.697400 5.921870
-2.494170 -7.472940 4.964410
-2.704810 -7.501670 5.117600
-2.771840 -6.659110 5.471860
-2.819710 -6.027190 5.404840
-2.867580 -6.324000 5.155900
