14.242160 -13.437900 2.963330
12.384690 -12.375120 1.412250
10.316590 -11.762350 -0.837770
9.062320 -9.914460 -1.440970
8.353800 -8.487850 -1.594160
7.769760 -7.243150 -1.747360
7.386770 -5.366540 -2.111190
6.869750 -3.959080 -2.015450
6.285700 -3.269710 -1.383520
5.873990 -2.676090 -0.665430
5.165480 -2.015450 -0.196280
4.523980 -0.722880 0.761180
4.188870 0.627130 4.255890
3.805890 1.881400 7.597410
3.202690 3.193120 9.617650
2.388850 5.175050 11.848520
1.575020 6.438890 13.725130
2.302680 5.423990 14.088960
3.269710 3.212260 12.748530
3.250560 1.689910 11.245320
3.030350 1.575020 9.703820
2.944180 1.814380 8.305930
3.738870 0.646280 7.243150
5.050580 -2.264380 6.084630
5.586760 -5.261220 4.523980
5.289940 -6.371870 3.432480
4.849520 -6.563360 3.135670
5.299520 -8.286780 3.145240
5.663350 -11.025110 1.785660
4.696320 -13.150660 -0.588840
3.327160 -14.395350 -2.628220
2.743110 -15.726210 -3.920780
3.059070 -18.474110 -5.395260
2.771840 -19.594340 -7.616560
1.306930 -19.594340 -8.842110
0.426070 -19.556040 -8.794230
0.464370 -18.119860 -7.922950
0.732450 -16.023030 -6.534640
1.259050 -14.807060 -5.222920
1.929270 -13.954920 -4.045250
2.743110 -12.719800 -2.685660
3.499500 -11.408090 -1.000540
4.303770 -10.718720 0.339900
4.792070 -9.454880 1.297350
5.356970 -8.985730 2.838860
6.122930 -8.267630 4.725050
6.764430 -7.262300 7.367620
7.224010 -4.322910 11.245320
6.027190 -1.938850 12.892150
5.108030 -0.071810 14.902800
5.088880 2.838860 17.890070
5.136750 4.466530 19.594340
4.830370 5.471860 19.594340
4.255890 5.567610 19.450720
4.188870 4.801640 17.861340
4.399510 3.422910 16.147490
4.811220 2.216510 14.653860
5.012280 1.498420 12.652780
5.452710 0.675010 10.402760
6.419740 -1.306930 8.880400
7.386770 -3.959080 7.453800
7.932520 -7.003790 5.979310
7.032510 -8.478270 4.045250
5.759100 -8.861260 2.283530
5.625050 -9.904880 1.412250
6.046330 -11.561280 0.311170
5.356970 -12.853850 -1.986720
4.351640 -14.605990 -4.313340
3.442050 -15.927280 -5.883570
2.848430 -16.358140 -6.639960
2.446300 -16.587930 -7.425070
1.431400 -16.271970 -8.191040
0.330320 -15.314510 -8.277210
-0.445220 -14.596420 -8.286780
-0.598410 -13.926200 -7.338900
0.205850 -13.457050 -5.682500
0.828200 -12.317670 -4.294190
0.885650 -10.833610 -3.173970
1.249480 -10.182540 -2.101620
2.005870 -9.617650 -1.306930
2.829280 -9.062320 -0.406920
3.767590 -8.420830 0.713300
4.571850 -7.463370 2.293110
5.041010 -5.720800 4.619720
4.188870 -3.365460 5.739950
2.790980 -2.321830 5.395260
2.752690 -2.580340 5.538880
4.495260 -2.235660 7.865500
4.878240 -0.675010 10.067650
3.480350 0.196280 10.699570
2.561200 0.981390 10.374040
2.829280 1.316500 9.512330
3.968660 0.359050 8.679340
4.954840 -0.464370 8.124010
5.720800 -1.115440 7.425070
6.639960 -2.494170 6.793150
7.913370 -4.552700 5.931440
8.507000 -5.108030 5.108030
8.507000 -4.303770 4.734620
8.803810 -4.303770 4.667600
10.019780 -5.318670 4.619720
11.302770 -6.764430 3.911210
