-1.594160 -7.702730 5.050580
-1.584590 -7.721880 5.021860
-1.594160 -7.836780 5.002710
-1.613310 -7.702730 5.021860
-1.642040 -7.520820 4.897390
-1.756930 -7.472940 4.418660
-1.948420 -7.539970 3.892060
-1.986720 -8.114440 3.327160
-1.728210 -8.526150 3.231410
-1.211180 -8.842110 3.595250
-0.856920 -8.363380 4.112270
-0.847350 -7.109110 4.830370
-0.167550 -5.787820 6.668680
2.053740 -4.686750 12.442140
2.858010 -3.346310 16.128350
1.584590 -0.617560 15.544300
0.588840 2.216510 15.467700
0.378200 4.255890 15.965580
1.594160 4.380360 16.894310
1.881400 1.728210 16.252820
1.737780 0.000000 13.524070
2.187790 -1.776080 10.326160
2.925030 -5.021860 7.511240
3.681420 -8.420830 5.806970
3.106940 -10.316590 4.102700
2.187790 -11.092130 2.283530
1.862250 -12.107030 0.445220
1.402670 -14.309180 -2.197360
0.378200 -16.377290 -4.294190
-0.809050 -16.654950 -5.242070
-1.642040 -16.540050 -6.122930
-2.015450 -16.233670 -6.448470
-1.910120 -15.180470 -5.711230
-1.440970 -14.366630 -4.849520
-0.981390 -13.370870 -3.853760
-0.646280 -12.164480 -3.049500
-0.177130 -11.264470 -1.977150
0.464370 -10.393190 -0.588840
1.105860 -9.770840 0.579260
1.613310 -9.397430 1.594160
2.216510 -9.282540 2.503750
3.049500 -9.416580 3.461200
4.016530 -8.995300 5.548460
4.887810 -6.716550 10.019780
4.236740 -3.700570 12.480440
3.135670 -2.293110 13.849600
3.154820 -1.086710 16.674100
3.422910 2.446300 19.441140
2.810130 6.611230 19.594340
1.996300 7.530390 19.584760
2.609070 5.041010 19.460290
3.279290 2.120770 17.382610
3.202690 0.569690 15.544300
3.126090 -0.521810 14.558120
3.518650 -1.862250 12.997470
4.121850 -3.403760 11.503840
4.313340 -5.242070 9.933610
4.389940 -7.884650 8.449550
3.786740 -9.665520 6.754850
2.992050 -10.402760 5.653780
2.838860 -11.044250 5.079300
2.599490 -12.001710 3.470780
1.642040 -12.700650 1.498420
0.464370 -13.390020 -0.856920
0.062230 -13.734710 -2.312260
0.253730 -13.552790 -2.436730
0.138830 -12.940020 -3.250560
-0.770750 -12.518740 -4.868660
-1.766510 -12.154900 -5.835700
-2.408000 -12.078310 -6.122930
-2.896300 -12.384690 -6.467620
-3.260140 -12.087880 -5.950590
-3.001620 -11.714480 -4.591000
-2.350550 -11.072980 -3.375030
-1.967570 -11.197450 -2.369700
-1.421820 -11.254900 -0.933520
-1.546290 -9.684670 -0.761180
-1.536720 -8.717640 -0.780330
-0.502660 -9.991050 1.555870
1.268630 -9.454880 5.663350
1.747360 -6.515490 8.200610
0.560110 -4.418660 7.118690
0.205850 -5.318670 6.869750
2.455870 -5.309090 13.485770
2.790980 -1.871830 16.463460
0.617560 0.043090 15.783660
-1.230330 -0.531390 14.414500
-1.804800 -1.507990 12.164480
-1.230330 -4.552700 10.670850
-0.244150 -7.444220 9.579350
-0.531390 -7.099540 8.056990
-1.383520 -6.582510 6.869750
-1.890980 -6.754850 6.381440
-1.862250 -6.821870 6.017610
-1.852680 -7.061240 5.625050
-2.072890 -7.520820 5.184620
-2.494170 -7.271880 4.954840
-2.589920 -6.869750 5.146330
-2.542050 -6.975070 5.079300
-2.465450 -7.559120 4.753770
-2.331410 -7.788900 5.031430
-2.293110 -7.415500 5.328240
