-0.876070 -7.760180 5.356970
-0.818620 -7.855930 5.318670
-0.866500 -7.760180 5.242070
-0.971820 -7.367620 5.232500
-0.933520 -7.195280 5.347390
-0.856920 -7.367620 5.404840
-0.856920 -7.482520 5.299520
-0.866500 -7.664440 5.079300
-0.742030 -7.511240 5.203770
-0.665430 -7.185710 5.443140
-0.895220 -7.166560 5.452710
-0.981390 -7.176130 5.491010
-0.952670 -7.003790 5.749520
-0.914370 -6.984640 5.873990
-0.885650 -7.128260 6.046330
-0.799480 -7.099540 6.477190
-0.818620 -6.745280 7.300600
-0.885650 -5.452710 8.803810
0.090960 -4.351640 11.053830
0.809050 -3.489930 12.403840
1.029270 -2.226090 13.734710
1.086710 -0.742030 14.673010
0.406920 0.684580 13.141090
0.540960 -0.627130 11.704900
1.689910 -2.475020 11.274040
1.536720 -4.217590 10.010200
1.163310 -4.600580 8.516570
1.460120 -5.021860 6.525060
2.149490 -7.501670 3.939930
2.455870 -10.153820 3.059070
2.494170 -11.915540 2.819710
2.264380 -13.035760 1.938850
1.057990 -13.686830 0.167550
-0.148410 -14.299610 -2.293110
-0.828200 -15.429400 -4.945260
-1.364370 -16.061330 -6.285700
-1.661190 -15.362380 -6.304850
-1.249480 -14.175140 -5.376120
-0.617560 -13.390020 -4.006950
-0.253730 -12.681500 -2.197360
0.138830 -11.226170 -0.607980
0.636710 -10.105950 1.057990
1.278200 -9.407000 1.594160
2.312260 -9.981480 2.015450
4.026100 -9.885730 5.069730
5.242070 -7.827200 9.751690
4.868660 -5.337820 12.892150
3.212260 -3.422910 13.514490
2.388850 -2.877160 14.184710
3.106940 -1.287780 16.463460
2.235660 1.718630 18.914550
1.450550 1.833530 18.483690
1.507990 1.575020 16.788990
2.063320 0.588840 14.586840
2.417580 -0.445220 13.150660
2.714390 -1.373950 12.107030
2.848430 -2.197360 10.929360
2.752690 -3.049500 9.828290
2.522900 -4.198450 8.698490
2.829280 -6.429320 8.047420
3.308010 -8.669760 7.243150
2.781410 -9.454880 5.491010
1.709060 -9.339980 3.537800
1.699480 -10.153820 3.106940
2.293110 -11.599580 3.949510
2.273960 -12.585760 2.877160
0.809050 -13.217680 -0.004790
-0.292020 -12.901720 -0.990970
-1.431400 -12.671930 -1.019690
-2.216510 -10.402760 -1.354800
-1.507990 -9.004870 -1.326080
-0.588840 -11.034680 -2.302680
-1.546290 -13.313430 -3.748440
-2.609070 -13.495340 -4.456960
-2.647370 -12.873000 -3.767590
-2.072890 -12.183630 -2.350550
-1.699480 -11.044250 -1.249480
-1.881400 -10.058080 -0.502660
-2.159060 -9.148490 -0.378200
-1.977150 -8.899550 0.071810
-1.488840 -9.407000 1.211180
-0.847350 -10.000630 3.231410
-0.713300 -8.822960 4.973980
-1.306930 -6.410170 3.681420
-0.579260 -5.969740 4.485680
0.349470 -6.553790 9.407000
0.828200 -5.912290 11.637880
0.177130 -5.146330 8.784660
0.368620 -3.087800 8.497420
1.354800 -3.059070 13.275130
0.052660 -1.584590 13.945350
-1.823950 -2.972900 11.254900
-1.125010 -8.191040 8.937850
-0.148410 -9.225090 7.664440
-0.512240 -6.008040 8.133590
-1.096290 -4.581430 8.698490
-1.440970 -5.510160 7.903800
-1.259050 -6.716550 6.477190
-1.297350 -7.214430 5.519730
-1.594160 -7.070810 5.500590
-1.680340 -6.381440 5.778250
-1.661190 -6.170800 5.720800
