2.254810 -9.311260 -3.480350
0.100530 -11.254900 -4.667600
-0.550540 -10.364460 -3.844190
-0.416490 -8.889980 -2.800560
-0.493090 -7.338900 -2.503750
-1.172880 -6.266550 -2.226090
0.215430 -6.975070 0.196280
0.971820 -5.806970 1.958000
0.990970 -4.313340 4.045250
1.182460 -3.499500 5.558030
2.589920 -0.368620 12.126180
1.823950 1.278200 13.916620
0.531390 2.963330 15.496430
-0.531390 5.672930 17.746450
-0.818620 7.425070 19.307100
-0.435640 5.730370 18.349650
0.129260 1.890980 15.419830
0.655860 -0.100530 13.763430
0.818620 -0.167550 13.418750
0.703730 -0.167550 12.777250
0.694160 -0.416490 11.704900
0.923950 -1.575020 10.335740
1.067560 -3.604820 8.641040
1.287780 -6.946340 7.597410
1.594160 -9.904880 6.601660
0.971820 -10.201690 4.734620
-0.071810 -9.665520 2.934600
-0.923950 -10.029350 0.933520
-1.431400 -11.657030 -1.498420
-2.111190 -14.108110 -4.208020
-2.963330 -15.611320 -6.458040
-4.112270 -14.500670 -7.377200
-4.993130 -13.303850 -7.702730
-5.337820 -11.331490 -7.626140
-5.711230 -10.393190 -7.568690
-5.739950 -10.441060 -7.099540
-5.328240 -10.201690 -5.692080
-5.060160 -9.588920 -4.045250
-4.792070 -9.071900 -2.494170
-4.610150 -8.574020 -1.373950
-4.476110 -8.372950 -0.636710
-4.083550 -9.091040 -0.196280
-3.614400 -9.292110 0.225000
-3.030350 -9.215510 1.259050
-2.264380 -8.889980 2.245230
-1.575020 -8.708060 2.972900
-0.789900 -8.880400 3.872910
0.464370 -8.612320 5.768670
1.709060 -7.664440 8.459130
1.527140 -6.505910 9.521900
0.636710 -6.477190 9.387860
1.326080 -6.122930 11.484690
2.005870 -4.169720 13.849600
1.680340 -2.992050 14.931530
1.019690 -1.479270 14.854930
0.253730 0.000000 14.299610
-0.043090 0.435640 13.907050
0.215430 0.023940 13.705980
0.081380 -0.483520 12.633630
-0.043090 -0.885650 12.049580
0.110110 -0.387770 12.355970
0.244150 -0.138830 12.422990
0.406920 -0.627130 12.490010
0.799480 -1.067560 12.959170
1.010120 -1.153730 12.767680
1.010120 -2.235660 11.637880
0.837770 -3.011200 10.345310
0.809050 -4.294190 9.043170
0.694160 -6.582510 6.678260
0.090960 -7.999550 4.169720
-0.521810 -8.650620 2.226090
-1.211180 -9.129340 0.665430
-2.025020 -9.608070 -0.186700
-3.030350 -9.416580 -1.038840
-3.911210 -9.751690 -1.823950
-4.715470 -10.125100 -2.532470
-5.309090 -9.991050 -2.723960
-5.902720 -9.426150 -2.522900
-6.400590 -9.024020 -2.197360
-6.525060 -8.612320 -1.747360
-6.209100 -7.999550 -0.885650
-6.008040 -7.329330 0.000000
-6.017610 -6.678260 0.952670
-6.343150 -6.122930 1.383520
-6.419740 -6.218680 1.833530
-6.094210 -6.199530 2.829280
-5.701650 -5.615480 4.284620
-5.653780 -5.328240 5.069730
-5.730370 -5.491010 5.108030
-5.548460 -5.548460 5.184620
-5.385690 -5.548460 5.356970
-5.299520 -5.577180 5.481440
-5.251650 -5.644200 5.500590
-5.222920 -5.749520 5.251650
-5.031430 -5.854840 5.175050
-4.954840 -5.806970 5.108030
-5.117600 -5.873990 4.792070
-5.194200 -5.835700 4.466530
-5.194200 -5.605900 4.303770
-5.098450 -5.586760 4.208020
-5.031430 -5.739950 4.227170
-5.050580 -5.797400 4.217590
