-8.267630 2.953750 3.662270
-8.286780 2.819710 3.556950
-8.305930 2.743110 3.499500
-8.507000 2.915450 3.442050
-8.650620 3.269710 3.403760
-8.641040 3.518650 3.269710
-8.641040 3.461200 3.059070
-8.698490 3.279290 3.030350
-8.889980 3.489930 2.829280
-9.043170 3.939930 2.762260
-8.976150 4.093120 2.829280
-8.822960 3.930360 2.810130
-8.813380 3.930360 2.551620
-8.679340 3.997380 2.417580
-8.478270 4.102700 2.302680
-8.497420 3.949510 2.111190
-8.411250 3.690990 1.996300
-8.066570 3.547370 2.139910
-8.076140 3.432480 2.494170
-8.478270 3.451630 2.618640
-8.516570 3.528230 2.733540
-8.344230 3.087800 2.819710
-8.315510 2.427150 2.982480
-8.363380 2.264380 3.068650
-8.258060 2.494170 3.336730
-8.171890 2.465450 3.652690
-8.047420 1.871830 3.509080
-7.674010 1.584590 3.164390
-7.530390 1.766510 3.202690
-7.578260 1.996300 3.422910
-7.635710 2.072890 3.920780
-7.415500 2.053740 4.380360
-6.898470 2.111190 4.571850
-6.649530 2.130340 4.236740
-6.324000 1.938850 4.073980
-6.170800 1.814380 4.045250
-5.941020 1.948420 4.064400
-5.759100 1.718630 4.418660
-5.309090 1.479270 4.629300
-4.696320 1.077140 4.658020
-4.073980 0.694160 4.744190
-3.643120 0.550540 4.887810
-3.451630 0.560110 5.098450
-3.480350 0.550540 5.309090
-2.829280 0.138830 5.711230
-2.226090 -0.282450 6.103780
-1.718630 -0.464370 6.620810
-0.962240 -0.579260 7.645290
-0.043090 -0.876070 8.698490
0.761180 -1.316500 9.732540
0.952670 -1.297350 9.952760
0.540960 -1.345230 10.134670
0.416490 -1.843100 10.038930
0.694160 -2.187790 9.943180
0.761180 -1.852680 10.259140
0.196280 -1.517570 10.211270
-0.196280 -2.331410 9.885730
0.167550 -3.260140 10.134670
0.473940 -3.049500 10.488930
0.148410 -2.551620 10.718720
-0.512240 -2.350550 10.776170
-0.598410 -2.589920 10.546380
-0.387770 -2.484600 10.153820
-0.196280 -2.149490 10.450630
0.148410 -2.120770 10.833610
-0.014360 -2.092040 10.642120
-0.186700 -2.360130 10.441060
0.320750 -3.097370 9.904880
0.694160 -3.298440 9.416580
-0.052660 -2.542050 8.344230
-1.163310 -2.666510 8.162310
-1.172880 -2.714390 8.621890
-0.722880 -2.427150 8.554870
-0.540960 -1.670760 8.267630
-1.948420 -1.000540 8.037840
-3.394180 -1.642040 7.894220
-3.403760 -2.398430 8.076140
-2.829280 -1.642040 7.827200
-2.810130 -0.713300 7.310180
-3.872910 0.234580 6.649530
-4.935690 0.617560 5.806970
-5.002710 -0.177130 5.529310
-4.543130 -0.521810 5.644200
-5.117600 0.540960 5.864420
-5.950590 1.440970 5.759100
-6.572940 1.823950 5.356970
-6.563360 2.015450 5.041010
-5.893140 2.101620 4.801640
-5.806970 2.178210 4.552700
-6.486770 2.532470 4.198450
-7.377200 3.116520 3.987800
-7.606990 3.288860 3.595250
-7.080390 2.858010 3.461200
-6.496340 2.551620 3.461200
-6.955920 2.944180 3.221840
-7.989970 3.556950 3.212260
-8.382530 3.614400 3.556950
-7.855930 3.413330 3.604820
-7.137830 2.858010 3.518650
-7.147410 2.427150 3.145240
-7.865500 2.455870 2.915450
-8.315510 2.752690 2.752690
-8.056990 2.905880 2.522900
-7.721880 3.030350 2.695240
-7.808050 3.145240 2.848430
