-6.955920 2.896300 4.734620
-7.089960 2.781410 4.811220
-7.156980 2.963330 4.887810
-7.195280 3.518650 4.897390
-7.338900 3.738870 5.079300
-7.415500 3.317590 4.954840
-7.559120 3.001620 4.734620
-7.798480 3.260140 4.753770
-8.028270 3.863340 4.926110
-8.382530 4.418660 4.839940
-8.851680 4.696320 4.677170
-9.282540 4.878240 4.562280
-9.684670 4.973980 4.648450
-10.000630 5.404840 4.763340
-9.952760 6.084630 4.571850
-9.579350 6.908050 4.246320
-9.282540 8.028270 3.623970
-9.847440 9.186790 3.298440
-10.824040 9.292110 3.432480
-10.622970 7.942100 3.509080
-9.588920 6.419740 3.461200
-9.531480 5.663350 3.662270
-11.053830 5.672930 3.633550
-11.810220 5.376120 3.805890
-10.441060 5.318670 3.643120
-8.602740 5.155900 3.528230
-7.664440 4.265470 3.537800
-7.693160 3.202690 3.365460
-7.750610 2.542050 3.403760
-6.994220 2.398430 3.547370
-5.711230 2.858010 3.509080
-4.667600 3.365460 3.777160
-4.322910 2.494170 4.246320
-4.342060 1.268630 4.246320
-4.035680 0.770750 3.432480
-3.269710 0.971820 2.819710
-2.647370 0.761180 3.269710
-2.886730 0.569690 4.246320
-3.011200 0.023940 5.280370
-1.977150 -1.000540 5.050580
-1.287780 -1.259050 3.844190
-1.096290 -0.962240 3.805890
-1.594160 -0.215430 4.198450
-2.599490 -0.292020 4.543130
-2.781410 -0.885650 4.887810
-2.542050 -1.354800 5.414410
-2.819710 -1.938850 6.391020
-3.355880 -1.728210 6.955920
-3.595250 -0.684580 7.195280
-3.537800 -0.004790 7.329330
-3.872910 -0.234580 7.511240
-3.968660 -1.144160 6.927190
-3.308010 -1.795230 6.419740
-3.049500 -1.689910 6.553790
-3.355880 -1.230330 6.544210
-3.786740 -0.675010 6.448470
-3.939930 -0.646280 6.525060
-3.202690 -1.057990 6.841020
-2.369700 -1.029270 6.735700
-2.743110 -1.172880 6.486770
-4.016530 -1.852680 5.998460
-4.437810 -2.130340 5.538880
-3.298440 -1.689910 5.835700
-2.771840 -0.828200 6.151650
-3.480350 -0.090960 6.170800
-4.380360 0.272870 6.027190
-4.169720 0.234580 6.084630
-3.882480 0.225000 5.711230
-4.935690 0.598410 5.117600
-6.458040 1.354800 4.648450
-6.467620 2.350550 4.083550
-5.194200 2.800560 3.240990
-5.127180 2.063320 3.355880
-6.726130 1.613310 3.633550
-8.162310 2.092040 3.221840
-7.989970 2.810130 3.193120
-6.400590 3.403760 4.284620
-5.759100 4.380360 4.993130
-6.295270 5.060160 4.993130
-6.898470 4.916540 4.284620
-6.850600 4.418660 3.288860
-7.291030 4.169720 3.001620
-8.382530 5.098450 2.848430
-8.899550 6.592080 2.637790
-8.727210 7.520820 2.915450
-7.903800 7.788900 3.059070
-7.358050 7.377200 3.489930
-7.338900 7.051660 3.671840
-8.162310 7.032510 3.336730
-8.985730 7.310180 3.240990
-8.430400 7.942100 3.652690
-7.453800 8.899550 3.528230
-7.137830 9.253810 2.972900
-6.965490 8.459130 3.384610
-6.783580 7.204860 4.294190
-6.745280 6.572940 3.997380
-6.505910 7.099540 3.097370
-6.965490 7.511240 3.097370
-7.616560 6.256970 4.543130
-7.022940 4.361210 5.816550
-6.687830 3.623970 5.835700
-7.137830 4.504830 5.270800
-7.549540 5.337820 5.136750
-7.520820 4.466530 5.816550
-7.013370 2.992050 6.381440
