-7.559120 3.853760 2.925030
-7.779330 3.882480 2.925030
-7.769760 3.805890 3.097370
-7.616560 3.825040 3.145240
-7.664440 4.045250 3.097370
-7.903800 4.246320 2.896300
-8.238910 4.284620 2.695240
-8.430400 4.083550 2.647370
-8.363380 3.959080 2.743110
-8.363380 4.083550 2.886730
-8.641040 4.361210 2.992050
-9.004870 4.581430 2.838860
-9.282540 4.543130 2.455870
-9.330410 4.150570 2.340980
-9.148490 3.623970 2.398430
-9.110190 3.432480 2.484600
-9.301690 3.690990 2.417580
-9.387860 4.054830 2.264380
-9.225090 4.313340 2.111190
-9.100620 4.772920 1.804800
-9.186790 4.619720 2.053740
-9.301690 3.901630 2.369700
-9.272960 3.317590 2.168640
-9.129340 2.848430 1.929270
-8.889980 2.771840 1.996300
-9.004870 2.953750 1.852680
-9.091040 3.116520 1.776080
-8.755940 2.953750 1.967570
-8.439980 2.580340 2.216510
-8.459130 2.388850 2.005870
-8.401680 2.197360 2.025020
-7.894220 1.862250 2.360130
-7.147410 1.584590 2.542050
-6.505910 1.287780 2.800560
-6.199530 0.981390 2.790980
-5.931440 0.923950 2.695240
-5.414410 0.914370 2.896300
-4.734620 0.607980 3.116520
-4.054830 0.215430 3.633550
-3.987800 -0.100530 4.073980
-3.585670 -0.330320 4.150570
-2.743110 -0.856920 4.294190
-1.670760 -1.364370 4.887810
-0.636710 -1.737780 5.797400
0.186700 -2.829280 6.553790
1.048410 -2.771840 7.358050
1.919700 -1.766510 8.439980
2.551620 -1.488840 9.416580
2.647370 -1.766510 9.924030
2.369700 -1.728210 10.163400
2.025020 -1.890980 10.144250
1.565440 -2.072890 10.469780
1.077140 -1.642040 10.709150
0.636710 -1.575020 10.891060
0.636710 -2.139910 11.120850
0.847350 -1.938850 11.350640
0.636710 -1.335650 11.657030
0.014360 -1.622890 11.791070
0.244150 -2.005870 11.580430
0.722880 -2.216510 11.829370
0.885650 -2.149490 12.355970
0.655860 -2.245230 12.403840
0.435640 -2.551620 11.733620
0.359050 -3.116520 10.862340
0.607980 -3.959080 10.450630
0.761180 -4.303770 9.904880
0.818620 -3.844190 9.339980
0.493090 -3.202690 8.516570
-0.301600 -3.193120 7.999550
-0.990970 -3.633550 7.674010
-1.345230 -3.844190 7.645290
-1.527140 -3.480350 7.817630
-1.967570 -2.829280 8.037840
-1.890980 -2.484600 8.095290
-1.967570 -2.197360 7.568690
-2.992050 -1.584590 6.582510
-4.495260 -1.172880 5.816550
-5.232500 -1.115440 5.443140
-4.878240 -1.038840 5.222920
-4.466530 -0.876070 5.299520
-5.060160 -0.627130 4.677170
-6.467620 0.100530 4.160150
-7.425070 1.230330 3.528230
-7.051660 1.881400 3.193120
-5.883570 1.364370 3.365460
-5.749520 0.751600 3.039920
-6.860170 1.469690 2.149400
-7.865500 2.331410 1.804800
-7.999550 2.455870 1.737780
-7.358050 2.408000 1.699480
-7.147410 2.723960 1.393100
-7.913370 3.308010 1.201610
-8.621890 3.528230 1.584590
-8.621890 3.413330 1.986720
-8.650620 3.556950 1.737780
-8.746360 4.064400 0.655860
-9.138920 4.102700 -0.090960
-9.531480 4.389940 -0.579260
-9.416580 4.638870 -0.617560
-9.253810 4.954840 -0.617560
-9.454880 5.625050 -0.454790
-9.339980 6.228250 -0.090960
-8.937850 6.582510 0.100530
-8.650620 6.620810 0.119680
-8.449550 6.343150 0.033510
