-7.559120 1.460120 4.006950
-7.587840 1.125010 4.073980
-7.587840 1.077140 4.006950
-7.683580 1.412250 3.920780
-7.731460 1.756930 3.872910
-7.769760 1.785660 3.863340
-7.817630 1.709060 3.758010
-8.009120 1.689910 3.451630
-8.191040 1.785660 3.365460
-8.296360 1.948420 3.576100
-8.353800 1.900550 3.729290
-8.449550 2.005870 3.710140
-8.679340 2.235660 3.595250
-8.803810 2.484600 3.432480
-8.870830 2.599490 3.327160
-9.004870 2.494170 3.298440
-9.301690 2.398430 3.317590
-9.751690 2.589920 3.097370
-9.991050 3.078220 3.011200
-10.010200 3.547370 2.915450
-9.924030 3.853760 2.618640
-9.981480 3.920780 2.436730
-10.402760 3.901630 2.120770
-10.680420 3.853760 1.651610
-10.134670 3.700570 1.776080
-9.713390 3.930360 1.795230
-9.924030 4.083550 1.603740
-9.895310 3.863340 1.306930
-9.694240 3.403760 0.904800
-9.311260 3.298440 0.617560
-8.755940 3.662270 0.368620
-8.353800 3.623970 0.502660
-8.200610 2.618640 0.971820
-7.903800 1.795230 1.057990
-7.425070 1.642040 1.019690
-6.697400 1.967570 1.268630
-6.151650 1.900550 1.709060
-5.797400 1.172880 1.958000
-5.012280 0.636710 1.785660
-3.863340 0.148410 1.871830
-2.762260 -0.110110 2.293110
-1.871830 -0.368620 2.666510
-1.029270 -1.345230 3.547370
0.215430 -2.216510 4.849520
1.986720 -2.235660 5.941020
4.160150 -2.762260 6.869750
5.797400 -3.518650 7.626140
6.649530 -3.892060 8.334650
6.774000 -3.614400 8.928280
6.831450 -3.920780 9.598500
6.304850 -4.179300 9.445300
5.414410 -4.744190 9.857010
4.217590 -5.672930 11.302770
2.714390 -6.419740 11.934690
0.904800 -5.672930 10.986810
0.435640 -4.322910 10.316590
1.613310 -3.547370 10.354890
2.254810 -3.250560 11.312340
2.120770 -2.867580 12.518740
1.488840 -3.173970 12.729380
1.498420 -4.447380 12.164480
2.302680 -5.165480 11.561280
2.953750 -4.418660 11.532560
3.767590 -3.499500 11.408090
4.045250 -3.432480 10.441060
2.743110 -4.591000 9.407000
1.747360 -6.927190 8.631470
1.622890 -8.669760 8.344230
2.216510 -8.143160 8.554870
1.948420 -5.969740 8.478270
0.186700 -4.121850 8.344230
-1.278200 -3.489930 8.708060
-0.943090 -3.939930 8.822960
-0.406920 -3.987800 7.884650
-1.316500 -3.461200 6.611230
-2.972900 -2.427150 6.419740
-3.997380 -1.555870 6.285700
-3.834610 -1.172880 6.295270
-3.518650 -0.732450 6.496340
-4.648450 -0.129260 5.979310
-6.371870 0.062230 5.165480
-6.572940 -0.081380 4.667600
-5.634630 0.751600 4.112270
-5.347390 1.383520 4.064400
-6.228250 1.163310 3.509080
-7.118690 1.115440 2.838860
-7.262300 1.843100 2.226090
-6.955920 2.618640 1.651610
-6.391020 2.685660 1.086710
-5.941020 2.254810 0.885650
-6.544210 2.025020 0.885650
-7.664440 2.130340 0.789900
-8.382530 2.455870 0.770750
-8.411250 2.589920 1.642040
-8.162310 2.570770 3.049500
-8.478270 2.427150 3.633550
-9.387860 2.398430 3.662270
-9.866590 3.279290 3.480350
-9.847440 4.303770 3.384610
-9.895310 4.533550 3.365460
-10.134670 4.820790 2.944180
-10.182540 5.002710 3.011200
-9.828290 4.964410 3.221840
-9.387860 4.418660 3.528230
-9.177220 3.805890 3.375030
