-7.539970 3.805890 2.570770
-7.568690 3.815460 2.561200
-7.635710 3.700570 2.532470
-7.559120 3.576100 2.589920
-7.530390 3.604820 2.570770
-7.568690 3.729290 2.551620
-7.664440 3.729290 2.465450
-7.769760 3.604820 2.436730
-7.903800 3.518650 2.369700
-8.085720 3.614400 2.350550
-8.085720 3.844190 2.417580
-8.152740 4.093120 2.446300
-8.401680 4.054830 2.532470
-8.526150 3.786740 2.484600
-8.660190 3.949510 2.312260
-9.138920 4.533550 2.312260
-9.598500 4.916540 2.264380
-9.493180 5.127180 1.986720
-9.071900 5.443140 1.603740
-8.928280 5.730370 1.469690
-9.234660 5.835700 1.326080
-9.435730 5.778250 1.220760
-9.177220 6.122930 1.000540
-8.880400 6.965490 0.876070
-9.014450 7.300600 1.077140
-9.569770 6.304850 1.373950
-10.134670 5.443140 1.115440
-10.259140 5.404840 0.483520
-9.732540 5.041010 0.598410
-9.378280 4.581430 0.722880
-9.320830 4.179300 0.703730
-8.593170 3.643120 1.067560
-7.942100 3.336730 1.335650
-7.769760 2.867580 1.680340
-7.444220 1.986720 1.986720
-6.649530 1.594160 2.149490
-6.027190 1.632460 1.948420
-5.950590 1.986720 1.594160
-6.142080 2.063320 1.766510
-5.787820 1.364370 2.293110
-4.792070 0.856920 2.408000
-4.179300 0.694160 2.465450
-4.198450 0.962240 2.676090
-4.744190 1.220760 3.078220
-4.935690 1.048410 3.882480
-4.169720 1.239910 4.993130
-3.097370 1.287780 6.831450
-2.101620 1.019690 8.191040
-0.598410 0.923950 9.014450
1.297350 0.780330 9.904880
3.116520 0.406920 10.546380
4.399510 -1.594160 10.622970
5.404840 -4.255890 10.402760
5.155900 -4.705900 10.690000
3.298440 -3.221840 10.795320
1.488840 -3.710140 10.661270
0.464370 -5.356970 10.115520
0.138830 -5.720800 9.474030
0.148410 -4.839940 9.655940
0.090960 -3.375030 10.488930
-0.177130 -1.699480 11.178300
-0.933520 -0.828200 11.025110
-1.756930 -1.833530 10.412330
-1.460120 -3.260140 9.904880
-0.397340 -3.451630 9.598500
-0.359050 -2.618640 9.004870
-2.053740 -1.737780 8.746360
-2.666510 -1.776080 8.631470
-1.575020 -2.522900 8.449550
-0.809050 -2.379280 8.229340
-1.575020 -1.622890 7.568690
-3.346310 -1.536720 6.908050
-4.361210 -1.919700 6.122930
-4.064400 -1.910120 5.577180
-3.212260 -1.259050 5.356970
-3.547370 -0.445220 5.146330
-4.954840 -0.445220 4.552700
-6.132510 -0.272870 3.662270
-6.525060 0.550540 3.336730
-6.371870 1.192030 3.020770
-6.841020 1.067560 2.915450
-7.597410 0.914370 2.800560
-8.133590 1.383520 2.475020
-8.028270 2.025020 2.743110
-7.970820 2.637790 2.953750
-8.315510 2.819710 2.790980
-8.564440 2.398430 2.570770
-8.363380 1.938850 2.321830
-8.248480 2.053740 1.929270
-8.085720 2.446300 2.082470
-8.171890 2.934600 2.216510
-8.985730 3.327160 1.680340
-9.780410 3.719720 1.211180
-9.502750 3.968660 1.105860
-8.660190 3.815460 0.789900
-8.478270 3.719720 0.435640
-8.937850 4.227170 0.119680
-9.588920 4.916540 -0.225000
-9.588920 5.558030 -0.598410
-9.167640 6.094210 -0.464370
-9.033600 6.544210 -0.244150
-9.320830 6.582510 -0.282450
-9.339980 5.988890 -0.292020
-8.937850 5.404840 0.033510
-8.641040 5.309090 0.205850
