-6.975070 3.537800 3.001620
-6.994220 3.652690 3.030350
-6.879320 3.815460 3.126090
-6.917620 3.872910 3.097370
-7.070810 3.939930 2.953750
-7.300600 4.102700 2.905880
-7.472940 4.198450 3.049500
-7.568690 4.150570 3.202690
-7.702730 3.930360 3.384610
-7.932520 3.968660 3.308010
-8.325080 4.246320 2.982480
-8.545290 4.581430 2.838860
-8.315510 4.418660 2.944180
-8.143160 4.083550 2.647370
-8.507000 4.006950 2.302680
-8.880400 4.131420 2.197360
-8.947430 4.504830 2.034590
-8.803810 4.849520 1.929270
-8.717640 4.763340 1.967570
-8.947430 4.543130 1.718630
-9.186790 4.744190 1.326080
-8.947430 5.337820 1.163310
-8.669760 5.500590 1.450550
-8.909130 5.251650 1.613310
-9.397430 5.280370 1.536720
-9.330410 5.462290 1.507990
-8.775080 5.491010 1.421820
-8.420830 4.964410 1.479270
-8.478270 4.495260 1.737780
-8.794230 4.303770 1.718630
-8.889980 3.690990 1.718630
-8.468700 2.800560 1.699480
-7.808050 2.187790 1.469690
-7.635710 1.910120 1.507990
-7.616560 1.843100 1.795230
-7.338900 1.689910 2.235660
-6.927190 1.182460 1.996300
-6.371870 0.167550 1.756930
-5.548460 -1.364370 2.542050
-4.677170 -2.072890 3.748440
-3.930360 -1.230330 4.246320
-3.011200 -0.445220 4.705900
-2.369700 -0.856920 5.404840
-1.402670 -1.393100 5.548460
-0.119680 -1.469690 6.601660
0.856920 -1.048410 8.200610
1.737780 -0.215430 9.177220
2.790980 0.799480 9.052750
3.202690 0.751600 9.052750
3.834610 -0.770750 10.029350
5.443140 -2.082470 11.724050
5.711230 -1.460120 12.844270
4.466530 0.722880 12.710230
2.781410 2.934600 12.087880
1.852680 2.752690 11.494260
1.977150 0.100530 10.517650
1.958000 -1.421820 9.751690
2.283530 -0.990970 10.019780
2.503750 -0.062230 11.111280
1.871830 0.215430 11.886820
1.354800 0.186700 11.685750
1.316500 0.244150 11.226170
1.555870 0.292020 11.513410
1.967570 0.253730 12.174050
2.120770 0.004790 12.384690
2.245230 -0.665430 12.355970
2.704810 -1.268630 12.250650
2.925030 -1.182460 11.771920
2.599490 -0.990970 10.709150
1.986720 -1.364370 9.665520
1.383520 -2.139910 9.148490
1.096290 -2.810130 9.608070
1.220760 -2.455870 9.962330
0.464370 -1.239910 9.627220
-0.847350 -0.445220 8.784660
-1.881400 -0.464370 7.808050
-2.092040 -0.607980 6.898470
-1.881400 -0.550540 6.448470
-2.063320 -0.004790 6.161230
-2.915450 0.713300 5.634630
-4.026100 1.546290 4.935690
-5.041010 2.139910 4.763340
-5.232500 2.312260 4.705900
-5.127180 2.599490 4.485680
-5.309090 2.905880 3.949510
-5.883570 3.097370 3.729290
-6.391020 3.288860 3.662270
-6.477190 3.365460 3.499500
-6.563360 3.240990 3.240990
-6.668680 3.221840 2.723960
-7.013370 3.547370 2.398430
-7.616560 3.748440 2.092040
-8.152740 3.758010 1.996300
-8.325080 3.643120 1.843100
-8.248480 3.690990 1.565440
-8.401680 4.035680 1.144160
-8.813380 4.217590 0.895220
-8.775080 4.523980 0.665430
-8.535720 5.213350 0.521810
-8.353800 5.950590 0.550540
-8.229340 6.209100 0.339900
-8.334650 5.921870 -0.215430
-8.430400 5.529310 -0.560110
-8.238910 5.423990 -0.043090
-8.152740 5.835700 0.742030
