-7.463370 1.316500 4.753770
-7.348470 1.268630 4.744190
-7.262300 1.096290 4.725050
-7.271880 1.029270 4.734620
-7.329330 1.096290 4.744190
-7.338900 1.230330 4.686750
-7.338900 1.335650 4.667600
-7.262300 1.278200 4.772920
-7.185710 1.105860 4.801640
-7.214430 1.134590 4.667600
-7.386770 1.268630 4.533550
-7.511240 1.412250 4.610150
-7.472940 1.555870 4.753770
-7.472940 1.622890 4.849520
-7.463370 1.718630 4.830370
-7.597410 1.929270 4.744190
-7.808050 2.082470 4.725050
-7.894220 2.245230 4.715470
-8.037840 2.676090 4.428230
-8.258060 2.867580 4.083550
-8.621890 2.925030 3.911210
-8.976150 2.925030 3.853760
-9.138920 2.877160 3.738870
-9.033600 2.848430 3.738870
-8.909130 2.972900 3.901630
-9.052750 3.193120 4.006950
-9.205940 3.193120 4.016530
-8.775080 3.346310 4.073980
-8.507000 3.939930 3.796310
-8.487850 4.093120 3.767590
-8.411250 3.872910 3.643120
-8.238910 3.509080 3.403760
-8.200610 2.963330 3.231410
-8.133590 2.331410 3.059070
-7.779330 2.455870 2.848430
-7.415500 2.465450 3.154820
-7.061240 2.168640 3.681420
-6.668680 1.345230 4.227170
-5.826120 -0.368620 4.993130
-5.433560 -1.699480 5.404840
-5.883570 -2.369700 5.127180
-5.960160 -2.484600 5.644200
-4.485680 -1.737780 6.228250
-1.785660 -2.494170 6.774000
0.167550 -3.623970 7.664440
0.809050 -3.547370 8.535720
0.952670 -3.403760 8.803810
2.312260 -3.863340 8.870830
3.547370 -3.260140 9.091040
3.834610 -1.259050 9.416580
3.671840 -0.684580 9.560200
3.987800 -2.350550 9.646370
4.705900 -3.126090 9.253810
4.878240 -2.972900 9.129340
4.284620 -2.944180 9.521900
2.905880 -3.327160 9.521900
1.622890 -3.758010 8.813380
1.881400 -3.796310 8.545290
2.408000 -2.570770 9.282540
1.603740 -1.795230 9.904880
0.560110 -3.039920 9.770840
1.278200 -4.322910 9.215510
2.254810 -3.901630 9.665520
2.609070 -2.044170 10.919790
2.982480 -0.292020 11.743200
2.771840 0.023940 11.321920
1.890980 -2.197360 10.421910
1.383520 -5.414410 9.234660
1.326080 -6.534640 8.660190
1.795230 -5.548460 9.272960
1.919700 -4.198450 10.230420
0.914370 -2.886730 10.115520
-0.713300 -3.212260 9.215510
-1.335650 -4.198450 8.258060
-0.799480 -4.322910 7.922950
-0.665430 -3.097370 8.056990
-1.996300 -1.785660 7.894220
-3.643120 -1.402670 7.051660
-4.361210 -1.555870 6.362300
-3.777160 -1.182460 5.452710
-3.662270 -0.406920 5.347390
-4.993130 0.157980 5.452710
-6.218680 0.138830 5.701650
-6.410170 0.301600 4.887810
-5.749520 1.603740 4.141000
-5.586760 2.972900 4.294190
-6.687830 3.662270 4.141000
-7.798480 3.260140 3.671840
-7.654860 2.101620 3.288860
-7.042090 1.747360 2.925030
-6.879320 2.235660 2.934600
-7.252730 3.078220 3.154820
-7.539970 3.336730 3.461200
-7.721880 3.461200 2.982480
-7.760180 3.968660 2.781410
-7.654860 4.993130 2.905880
-7.645290 5.854840 3.193120
-7.520820 5.921870 3.260140
-7.674010 5.835700 3.145240
-7.779330 6.477190 3.442050
-7.817630 7.472940 3.317590
-7.654860 8.124010 2.838860
-7.472940 7.894220 2.838860
-7.606990 7.099540 3.145240
-7.721880 5.864420 3.231410
