-5.385690 0.090960 7.118690
-5.471860 0.215430 7.061240
-5.634630 0.272870 7.338900
-5.730370 0.263300 7.396350
-5.969740 0.205850 7.367620
-6.209100 0.177130 7.520820
-6.534640 0.311170 7.712310
-6.812300 0.445220 7.894220
-7.003790 0.454790 7.846350
-7.329330 0.540960 7.425070
-7.760180 0.770750 7.262300
-7.578260 1.057990 6.783580
-8.076140 1.326080 6.869750
-9.091040 1.804800 6.084630
-9.799560 2.206940 5.577180
-9.809140 2.513320 4.935690
-9.914460 2.752690 4.332490
-10.239990 2.934600 4.504830
-9.885730 3.039920 4.686750
-9.119770 3.317590 4.054830
-8.727210 3.451630 3.815460
-8.832530 3.154820 3.489930
-9.052750 2.704810 2.982480
-8.727210 2.589920 2.408000
-8.095290 3.193120 2.465450
-8.372950 3.997380 2.695240
-9.138920 4.208020 2.656940
-9.100620 3.576100 2.455870
-8.334650 2.896300 2.455870
-8.363380 2.513320 2.542050
-8.899550 2.015450 2.245230
-8.698490 1.795230 1.632460
-7.827200 1.565440 1.900550
-7.224010 1.622890 2.475020
-6.716550 0.962240 3.566520
-5.452710 0.033510 4.141000
-4.504830 -0.205850 3.173970
-4.131420 -0.253730 2.877160
-3.758010 -0.129260 3.537800
-3.528230 0.320750 4.179300
-3.039920 0.062230 4.801640
-2.293110 -0.703730 4.839940
-2.187790 -1.182460 5.031430
-2.226090 -1.019690 5.653780
-1.086710 -0.435640 6.850600
0.100530 0.426070 7.539970
1.000540 0.483520 8.037840
1.220760 -0.751600 8.296360
0.952670 -2.446300 8.037840
0.627130 -2.379280 8.267630
0.301600 -2.752690 9.789990
-0.177130 -5.222920 11.245320
-1.670760 -6.572940 10.307010
-3.346310 -6.075060 9.225090
-2.723960 -4.638870 8.727210
-1.680340 -2.340980 8.784660
-1.776080 -1.019690 9.445300
-2.455870 -2.130340 9.971900
-2.226090 -3.853760 9.914460
-1.440970 -4.265470 10.144250
-0.828200 -3.556950 10.948510
-0.598410 -2.513320 10.575100
-0.990970 -2.293110 10.010200
-1.134590 -4.035680 8.880400
-0.521810 -5.548460 7.961250
-0.320750 -5.041010 7.712310
-1.843100 -4.437810 6.936770
-2.886730 -4.772920 7.061240
-1.871830 -4.600580 7.434650
-1.096290 -3.212260 7.271880
-2.197360 -2.695240 6.908050
-3.997380 -3.662270 5.845270
-5.692080 -3.442050 4.658020
-5.893140 -1.996300 4.533550
-4.514410 -0.732450 5.155900
-3.422910 0.464370 5.701650
-4.581430 1.632460 5.682500
-7.003790 1.967570 5.289940
-7.788900 1.287780 4.715470
-6.065480 0.272870 4.054830
-4.686750 0.196280 3.451630
-5.079300 0.799480 2.790980
-6.659110 1.881400 2.599490
-7.051660 2.848430 2.867580
-6.075060 3.470780 3.059070
-6.563360 4.236740 2.886730
-7.013370 4.638870 2.743110
-7.243150 4.906960 2.187790
-7.425070 5.318670 1.756930
-7.396350 5.921870 1.431400
-6.869750 6.247400 1.651610
-6.170800 6.084630 2.513320
-6.142080 5.854840 2.503750
-6.955920 5.739950 1.546290
-7.635710 5.768670 1.125010
-7.156980 6.371870 1.890980
-6.209100 7.358050 2.570770
-6.362300 8.037840 2.522900
-7.195280 8.420830 2.120770
-7.674010 8.507000 1.440970
-7.501670 8.191040 1.536720
-6.850600 7.884650 1.488840
-6.821870 8.152740 1.613310
-7.405920 8.842110 2.034590
-7.415500 9.397430 2.829280
