-6.572940 1.603740 5.299520
-6.592080 1.977150 5.146330
-6.630380 2.302680 5.002710
-6.706980 2.159060 4.744190
-6.860170 1.852680 4.255890
-6.946340 1.632460 4.160150
-6.841020 1.728210 4.275040
-6.965490 2.197360 4.313340
-7.176130 2.427150 4.294190
-7.233580 2.254810 4.294190
-7.156980 2.015450 4.313340
-7.539970 1.862250 3.834610
-8.104870 1.843100 3.461200
-8.200610 2.206940 3.623970
-8.325080 2.781410 4.121850
-8.631470 3.154820 4.275040
-8.736790 3.308010 4.035680
-9.435730 3.384610 3.978230
-10.661270 3.432480 3.777160
-11.369790 3.384610 3.537800
-10.737870 3.394180 3.949510
-9.971900 4.141000 3.920780
-10.125100 5.069730 3.901630
-10.814470 5.318670 3.499500
-10.977230 4.839940 2.762260
-10.163400 4.466530 2.637790
-9.579350 4.954840 2.111190
-9.943180 4.686750 1.057990
-10.077230 3.384610 0.837770
-9.608070 3.183540 1.316500
-8.947430 4.131420 1.852680
-8.382530 4.160150 2.388850
-8.411250 3.662270 2.101620
-8.526150 3.825040 1.373950
-8.363380 3.585670 1.507990
-8.085720 2.676090 1.776080
-7.453800 1.890980 1.929270
-6.668680 1.737780 2.743110
-6.075060 2.360130 3.700570
-5.883570 2.637790 4.495260
-5.998460 2.283530 3.834610
-5.443140 0.866500 3.355880
-3.432480 0.138830 3.872910
-1.440970 -0.023940 5.155900
-0.215430 -0.837770 6.544210
-0.282450 -1.421820 6.534640
-0.828200 -1.651610 5.443140
0.320750 -1.958000 5.108030
1.450550 -1.785660 6.122930
1.871830 -1.450550 8.085720
1.747360 -1.335650 9.426150
0.866500 -1.287780 8.775080
0.282450 -2.589920 7.626140
0.378200 -4.006950 7.616560
-0.043090 -3.959080 8.076140
-0.617560 -2.656940 9.234660
-0.876070 -0.828200 10.594250
-1.029270 -0.406920 11.360220
-1.335650 -1.804800 10.555950
-1.507990 -3.049500 10.077230
-1.316500 -2.302680 10.469780
-1.354800 -0.981390 11.159150
-1.393100 -0.923950 11.350640
-1.249480 -1.517570 10.929360
-0.837770 -2.101620 10.967660
-0.406920 -2.293110 11.005960
-0.856920 -2.273960 10.431480
-1.689910 -2.972900 9.952760
-1.488840 -4.313340 9.665520
-0.531390 -4.753770 9.531480
0.100530 -3.403760 9.636790
0.004790 -2.446300 9.368710
-1.000540 -2.992050 8.133590
-2.580340 -4.169720 7.118690
-3.240990 -4.456960 6.888900
-2.484600 -3.978230 7.118690
-1.584590 -2.896300 7.262300
-2.149490 -1.785660 6.505910
-3.978230 -1.067560 5.759100
-4.973980 -0.780330 4.916540
-4.954840 -0.502660 4.983560
-5.117600 -0.493090 5.146330
-5.443140 -0.483520 4.887810
-5.854840 -0.282450 3.892060
-6.304850 0.000000 3.537800
-6.429320 0.253730 3.240990
-6.209100 0.646280 2.886730
-6.276120 1.565440 3.001620
-6.812300 2.455870 3.116520
-7.156980 3.039920 2.963330
-6.774000 3.059070 2.503750
-6.161230 2.695240 2.245230
-6.467620 2.666510 2.235660
-7.894220 3.346310 2.044170
-8.995300 4.169720 1.383520
-8.880400 4.878240 0.426070
-7.884650 5.127180 0.110110
-7.338900 5.203770 0.607980
-7.616560 5.366540 0.636710
-8.267630 5.443140 0.330320
-8.305930 5.491010 -0.052660
-7.913370 5.452710 0.234580
-7.855930 5.797400 0.809050
-8.018690 6.228250 0.837770
-8.478270 6.850600 0.521810
