-8.325080 2.522900 2.302680
-8.420830 2.484600 2.436730
-8.392100 2.283530 2.484600
-8.439980 2.340980 2.408000
-8.564440 2.551620 2.312260
-8.755940 2.647370 2.455870
-8.755940 2.762260 2.570770
-8.822960 2.963330 2.417580
-9.024020 2.762260 2.245230
-9.320830 2.637790 2.159060
-9.914460 2.925030 2.044170
-10.201690 3.173970 1.776080
-9.828290 3.451630 1.670760
-9.924030 4.083550 0.962240
-10.268720 5.395260 0.435640
-10.996380 6.659110 0.435640
-11.657030 6.946340 0.272870
-11.140000 5.902720 0.272870
-10.105950 4.811220 0.110110
-9.598500 4.399510 0.148410
-9.627220 4.552700 0.435640
-9.675090 5.165480 0.560110
-9.378280 5.347390 0.502660
-9.024020 4.322910 0.177130
-8.784660 2.963330 0.186700
-8.918700 2.570770 0.483520
-8.918700 3.001620 0.454790
-8.401680 3.690990 0.560110
-7.942100 3.528230 1.000540
-7.674010 2.800560 1.268630
-6.869750 2.264380 1.871830
-5.567610 1.498420 2.858010
-4.897390 1.153730 3.432480
-5.519730 1.488840 3.585670
-5.538880 2.139910 3.576100
-4.906960 2.015450 3.461200
-4.629300 0.799480 3.767590
-4.495260 0.521810 4.054830
-3.604820 0.837770 5.127180
-2.570770 1.259050 6.218680
-2.044170 1.297350 6.601660
-1.584590 0.876070 7.310180
-1.163310 0.435640 8.143160
-0.675010 0.167550 8.708060
0.000000 -0.205850 9.129340
0.272870 -0.722880 9.694240
0.847350 -1.890980 10.632550
1.086710 -2.168640 10.460210
-0.339900 -1.507990 8.755940
-1.871830 -1.479270 7.626140
-1.967570 -1.689910 7.453800
-1.268630 -1.728210 7.645290
-0.866500 -2.829280 8.497420
-0.914370 -3.987800 9.521900
-1.134590 -3.135670 9.426150
-1.383520 -1.316500 9.493180
-0.876070 -0.301600 10.115520
-0.349470 -0.895220 10.450630
-0.665430 -2.762260 10.029350
-1.239910 -3.949510 9.924030
-1.000540 -3.643120 10.297440
-0.234580 -2.245230 10.776170
0.349470 -1.421820 10.441060
-0.809050 -1.852680 9.100620
-2.599490 -3.126090 8.200610
-2.321830 -4.265470 7.903800
-1.115440 -3.308010 8.258060
-0.359050 -1.057990 8.133590
-1.756930 0.531390 6.841020
-4.954840 0.655860 6.180380
-6.429320 -0.416490 5.797400
-5.309090 -1.259050 5.462290
-2.963330 -0.799480 5.309090
-2.465450 0.119680 5.558030
-4.246320 0.789900 5.921870
-6.199530 1.230330 6.084630
-5.845270 0.943090 5.826120
-4.208020 0.177130 5.079300
-4.619720 0.540960 3.403760
-7.453800 1.498420 2.867580
-9.713390 2.159060 3.298440
-9.119770 1.804800 3.279290
-6.582510 0.895220 3.250560
-5.558030 1.709060 2.867580
-6.668680 3.078220 2.695240
-8.344230 3.470780 2.408000
-8.947430 3.260140 2.264380
-7.616560 2.618640 2.044170
-6.630380 2.551620 2.015450
-7.396350 3.556950 1.651610
-8.976150 4.265470 1.412250
-9.675090 4.686750 0.732450
-8.784660 4.973980 0.703730
-8.028270 5.098450 0.828200
-8.497420 4.935690 0.454790
-9.531480 5.203770 -0.540960
-9.818710 6.142080 -0.751600
-9.521900 7.367620 -0.292020
-8.995300 7.875080 -0.244150
-9.148490 7.348470 -0.818620
-9.464450 6.477190 -1.096290
-9.138920 6.151650 -0.904800
-8.851680 6.448470 -0.464370
-8.727210 6.735700 0.416490
-8.621890 6.812300 0.971820
