-8.200610 4.073980 4.456960
-8.420830 4.437810 4.332490
-8.248480 4.677170 3.805890
-8.056990 4.753770 3.576100
-8.497420 4.839940 3.690990
-9.282540 5.309090 3.786740
-9.368710 5.749520 3.911210
-8.784660 5.988890 3.767590
-8.679340 6.008040 3.662270
-9.378280 5.682500 3.671840
-9.809140 5.577180 3.509080
-9.205940 5.414410 3.518650
-8.602740 5.529310 3.279290
-8.746360 5.395260 3.030350
-9.215510 5.088880 2.752690
-9.292110 4.868660 2.637790
-8.803810 4.725050 2.810130
-8.124010 4.035680 3.116520
-8.018690 3.758010 2.982480
-8.210190 4.026100 2.637790
-7.836780 4.208020 2.647370
-7.453800 3.758010 2.522900
-7.147410 2.934600 2.273960
-6.572940 2.819710 1.929270
-6.180380 2.867580 2.235660
-5.998460 2.417580 2.982480
-5.759100 1.833530 3.604820
-5.481440 1.661190 3.805890
-5.002710 1.603740 3.671840
-4.418660 1.249480 3.614400
-3.911210 0.646280 4.035680
-4.141000 0.215430 4.169720
-4.495260 -0.129260 4.456960
-3.939930 0.110110 4.945260
-2.762260 0.598410 5.663350
-1.804800 0.454790 6.601660
-1.316500 0.387770 6.735700
-0.895220 0.464370 6.189950
-0.177130 -0.962240 6.754850
0.301600 -1.938850 7.597410
-0.397340 -1.747360 7.118690
-1.077140 -2.015450 6.659110
-1.105860 -2.254810 7.089960
-1.029270 -2.340980 8.210190
-1.890980 -2.685660 8.478270
-2.321830 -2.858010 8.755940
-1.948420 -2.790980 9.253810
-1.919700 -2.398430 8.832530
-2.187790 -2.254810 8.612320
-2.685660 -2.168640 9.004870
-2.982480 -3.308010 9.177220
-2.542050 -3.796310 9.435730
-1.958000 -2.743110 10.105950
-2.273960 -2.388850 10.058080
-2.551620 -4.083550 8.957000
-2.082470 -5.060160 8.478270
-1.900550 -3.968660 8.909130
-1.881400 -2.570770 9.368710
-1.977150 -2.513320 9.148490
-1.747360 -3.556950 8.870830
-1.393100 -3.671840 8.995300
-0.943090 -3.327160 9.062320
-1.335650 -3.882480 7.942100
-1.709060 -4.629300 7.128260
-1.421820 -4.514410 6.984640
-1.546290 -4.035680 7.080390
-2.120770 -3.623970 6.850600
-2.503750 -3.298440 6.793150
-3.020770 -3.135670 6.620810
-3.317590 -2.455870 6.534640
-3.719720 -1.776080 6.525060
-3.556950 -1.536720 6.601660
-3.097370 -1.584590 6.716550
-3.413330 -1.230330 6.008040
-5.203770 -0.531390 5.213350
-6.668680 0.043090 4.772920
-6.266550 0.062230 4.389940
-5.404840 0.000000 4.150570
-6.371870 1.249480 3.537800
-6.975070 2.082470 3.327160
-6.955920 2.695240 3.221840
-6.333570 2.628220 3.451630
-6.381440 2.340980 3.777160
-7.654860 2.551620 3.767590
-8.468700 3.145240 3.461200
-8.066570 3.710140 3.100000
-6.793150 3.767590 2.513320
-6.027190 3.298440 2.379280
-6.802730 3.001620 2.484600
-8.765510 3.480350 2.206940
-9.598500 4.705900 1.737780
-8.899550 5.289940 2.092040
-7.674010 4.983560 2.934600
-7.741030 4.236740 3.193120
-9.138920 3.566520 2.819710
-9.550620 3.671840 3.030350
-9.033600 5.127180 3.576100
-8.736790 6.170800 4.255890
-8.822960 6.429320 4.236740
-9.301690 6.276120 3.959080
-9.636790 5.835700 3.844190
-9.215510 5.510160 3.853760
-8.593170 5.471860 3.556950
-8.286780 4.973980 3.317590
-8.066570 4.456960 3.394180
