-7.664440 2.542050 3.595250
-7.989970 2.800560 3.614400
-8.238910 3.059070 3.662270
-8.392100 3.164390 3.758010
-8.583590 3.145240 3.844190
-8.688910 3.145240 3.805890
-8.784660 3.154820 3.815460
-9.014450 3.595250 3.403760
-9.186790 4.169720 3.193120
-9.215510 4.763340 3.078220
-9.225090 5.108030 3.049500
-8.918700 4.906960 3.020770
-8.679340 4.351640 2.762260
-8.775080 4.073980 2.637790
-8.909130 4.428230 2.570770
-8.669760 5.079300 2.503750
-8.353800 5.395260 2.618640
-8.564440 4.830370 2.589920
-8.957000 4.006950 2.273960
-9.158070 3.480350 2.206940
-8.985730 3.748440 2.111190
-8.554870 4.380360 2.455870
-8.363380 4.878240 2.522900
-8.612320 4.523980 2.360130
-8.574020 3.547370 1.996300
-8.076140 2.628220 1.996300
-7.453800 2.522900 2.092040
-7.051660 3.164390 2.139910
-6.726130 3.777160 2.494170
-6.371870 3.892060 2.867580
-5.711230 3.308010 3.240990
-5.021860 2.858010 3.260140
-4.811220 2.886730 2.934600
-5.098450 2.628220 2.800560
-4.887810 1.699480 3.614400
-4.179300 1.057990 4.495260
-3.528230 0.617560 5.347390
-2.867580 0.895220 6.046330
-2.226090 1.364370 6.783580
-1.565440 0.617560 7.970820
-1.239910 -1.364370 8.698490
-0.770750 -3.595250 8.325080
-0.138830 -4.045250 7.817630
0.225000 -1.689910 8.171890
0.119680 -0.349470 9.225090
-0.100530 -1.230330 9.445300
-0.703730 -2.915450 8.851680
-0.598410 -4.399510 8.382530
1.038840 -4.255890 9.177220
1.881400 -2.187790 10.144250
1.383520 -1.239910 10.594250
0.856920 -1.843100 9.904880
0.225000 -2.350550 9.148490
-0.473940 -2.695240 8.995300
-0.627130 -2.733540 9.091040
-0.579260 -2.360130 9.062320
-0.397340 -2.656940 9.349560
-0.205850 -2.369700 9.780410
-0.292020 -1.785660 10.220840
-0.225000 -2.350550 10.374040
-0.225000 -2.934600 9.828290
-0.186700 -3.030350 9.742120
-0.205850 -2.743110 10.144250
-0.272870 -2.312260 10.747440
-0.435640 -2.522900 10.737870
-0.655860 -3.106940 10.192120
-0.588840 -3.394180 9.971900
0.014360 -3.298440 10.508080
0.282450 -2.810130 10.527230
0.033510 -2.838860 9.837860
-0.359050 -3.758010 8.918700
-0.406920 -4.476110 8.171890
-0.636710 -4.667600 7.951670
-0.627130 -4.667600 8.210190
-0.292020 -3.748440 8.267630
-0.828200 -2.858010 8.200610
-2.417580 -2.743110 8.143160
-3.729290 -2.934600 8.171890
-3.700570 -2.982480 8.449550
-2.398430 -2.532470 8.602740
-1.766510 -2.005870 7.836780
-3.078220 -1.268630 6.716550
-5.222920 -0.579260 5.921870
-6.113360 -0.694160 5.893140
-4.705900 -1.316500 5.893140
-3.394180 -1.000540 5.682500
-4.141000 -0.157980 5.433560
-5.644200 0.636710 4.945260
-6.601660 1.785660 3.978230
-6.496340 2.503750 3.422910
-5.778250 2.551620 3.279290
-5.692080 2.465450 2.925030
-6.304850 2.589920 2.685660
-6.525060 3.097370 2.273960
-6.228250 3.652690 1.929270
-6.075060 4.179300 1.900550
-6.630380 4.399510 1.890980
-7.329330 4.772920 1.632460
-7.530390 5.280370 1.125010
-7.156980 5.500590 1.201610
-6.754850 5.232500 1.728210
-7.109110 4.744190 1.766510
-7.989970 4.686750 1.364370
-8.439980 5.270800 0.684580
-8.325080 5.941020 0.694160
