-5.931440 0.588840 6.592080
-5.854840 0.646280 6.525060
-5.873990 0.713300 6.362300
-6.046330 0.684580 6.218680
-6.103780 0.607980 6.189950
-6.161230 0.742030 6.304850
-6.113360 0.933520 6.381440
-6.084630 1.019690 6.381440
-6.180380 0.962240 6.247400
-6.343150 0.703730 6.084630
-6.285700 0.636710 6.142080
-6.276120 0.770750 6.256970
-6.486770 0.952670 6.180380
-6.735700 1.000540 6.170800
-6.917620 0.981390 6.170800
-7.051660 1.125010 6.094210
-7.118690 1.373950 5.998460
-7.224010 1.450550 5.979310
-7.453800 1.421820 5.931440
-7.606990 1.517570 5.893140
-7.702730 1.718630 5.768670
-7.798480 1.862250 5.615480
-8.104870 1.986720 5.471860
-8.420830 2.187790 5.251650
-8.459130 2.580340 5.117600
-8.277210 2.810130 5.491010
-8.238910 2.599490 5.682500
-8.085720 2.120770 5.893140
-8.104870 1.670760 6.151650
-8.095290 1.642040 6.017610
-8.133590 1.689910 5.500590
-8.200610 1.680340 5.318670
-8.181460 1.890980 5.471860
-7.769760 1.776080 5.720800
-7.271880 1.421820 5.778250
-7.089960 1.278200 5.625050
-7.156980 1.316500 5.538880
-6.812300 0.981390 5.969740
-6.228250 0.828200 6.055910
-5.625050 0.828200 6.113360
-5.251650 1.057990 6.218680
-5.395260 1.077140 5.835700
-5.443140 -0.033510 5.672930
-4.581430 -0.742030 5.931440
-3.030350 -0.579260 6.180380
-1.795230 -0.157980 6.898470
-0.962240 0.272870 8.056990
-0.052660 0.186700 8.660190
0.617560 0.043090 8.229340
1.575020 0.234580 7.702730
2.800560 -0.406920 7.970820
3.738870 -1.862250 8.736790
3.748440 -2.532470 9.474030
3.097370 -2.695240 8.899550
2.513320 -2.953750 8.200610
2.168640 -2.254810 8.210190
1.364370 -2.427150 8.784660
0.962240 -3.662270 9.033600
0.943090 -3.566520 9.100620
1.172880 -2.455870 9.129340
0.885650 -1.814380 9.301690
0.349470 -1.843100 9.043170
0.339900 -1.823950 8.746360
0.646280 -1.498420 9.119770
0.837770 -1.412250 9.521900
0.675010 -1.852680 9.675090
0.569690 -2.628220 9.952760
0.713300 -2.896300 10.307010
1.326080 -2.551620 10.814470
2.178210 -2.120770 11.082550
1.709060 -1.977150 10.010200
-0.263300 -2.867580 8.056990
-0.607980 -4.523980 7.511240
0.665430 -5.280370 8.344230
1.249480 -4.275040 9.435730
0.981390 -3.164390 9.780410
0.110110 -2.886730 9.311260
-0.856920 -2.953750 8.382530
-1.594160 -3.317590 7.932520
-1.890980 -2.905880 7.875080
-2.025020 -2.427150 8.066570
-2.637790 -2.168640 7.549540
-3.853760 -1.737780 6.831450
-4.686750 -1.335650 6.458040
-4.380360 -0.981390 6.467620
-3.547370 -1.316500 7.262300
-4.456960 -1.546290 7.405920
-5.682500 -1.125010 6.400590
-5.969740 -0.272870 5.194200
-6.027190 0.780330 4.370790
-6.592080 1.239910 4.160150
-7.606990 1.048410 4.045250
-8.363380 1.134590 4.150570
-8.238910 1.096290 4.179300
-7.501670 1.546290 3.767590
-7.329330 2.905880 3.183540
-7.970820 3.518650 3.154820
-8.813380 2.704810 3.240990
-8.468700 1.335650 3.528230
-7.980400 0.923950 3.173970
-7.788900 1.134590 3.288860
-8.066570 1.622890 3.355880
-8.487850 2.704810 3.269710
-8.660190 4.169720 2.963330
-8.478270 4.916540 3.145240
