-6.908050 1.565440 5.443140
-6.869750 1.785660 5.519730
-7.089960 2.044170 5.356970
-7.453800 2.302680 5.155900
-7.894220 2.321830 5.404840
-8.210190 2.130340 5.548460
-8.152740 2.187790 5.491010
-8.210190 2.360130 5.366540
-8.392100 2.570770 5.548460
-8.947430 2.905880 5.605900
-9.225090 3.250560 5.136750
-8.631470 3.537800 5.012280
-8.258060 3.652690 5.002710
-8.631470 3.690990 4.648450
-9.004870 3.499500 4.246320
-8.851680 3.327160 4.284620
-8.468700 3.547370 4.370790
-8.401680 3.815460 4.504830
-8.325080 3.480350 4.859090
-8.181460 2.982480 4.705900
-8.420830 3.154820 4.294190
-8.344230 3.451630 4.246320
-8.076140 3.221840 4.342060
-8.516570 2.542050 4.121850
-9.282540 2.005870 3.777160
-9.138920 2.580340 3.317590
-8.143160 3.145240 3.413330
-7.434650 2.953750 3.872910
-7.913370 2.647370 4.016530
-8.813380 2.484600 3.882480
-8.621890 1.967570 4.198450
-7.884650 1.584590 4.351640
-7.224010 1.460120 4.342060
-7.118690 1.479270 4.160150
-7.214430 1.383520 4.198450
-6.055910 1.067560 4.772920
-4.514410 0.866500 5.127180
-3.729290 0.588840 5.376120
-3.011200 0.569690 5.615480
-1.996300 0.703730 5.864420
-1.048410 0.732450 5.605900
-0.799480 0.540960 4.926110
-0.416490 -0.387770 5.337820
1.220760 -1.948420 6.793150
2.848430 -1.412250 7.405920
3.221840 0.234580 7.769760
2.254810 1.125010 7.654860
1.220760 0.253730 7.042090
1.814380 -3.039920 8.315510
2.427150 -5.854840 10.268720
0.215430 -4.208020 10.718720
-2.178210 -1.297350 10.182540
-1.354800 -0.234580 9.837860
-0.732450 0.426070 9.885730
-1.431400 0.809050 9.713390
-1.603740 -0.081380 9.397430
-1.460120 -1.421820 9.110190
-1.182460 -2.111190 9.895310
-0.761180 -1.306930 10.622970
-0.952670 -1.192030 10.555950
-1.594160 -2.551620 9.608070
-1.077140 -3.336730 9.244240
-0.349470 -3.059070 9.799560
0.521810 -2.072890 10.287870
1.326080 -0.809050 9.694240
0.789900 -0.981390 8.583590
-1.038840 -3.317590 7.530390
-1.862250 -5.902720 6.630380
-0.684580 -6.668680 6.745280
0.569690 -5.165480 7.415500
-0.761180 -3.183540 7.319750
-3.547370 -2.695240 7.262300
-4.409090 -3.240990 7.530390
-2.819710 -3.030350 7.836780
-1.259050 -2.206940 7.970820
-2.053740 -0.809050 7.271880
-4.715470 0.100530 6.247400
-6.304850 0.177130 5.021860
-5.826120 -0.569690 4.112270
-4.715470 -1.737780 4.686750
-4.045250 -1.938850 5.328240
-4.954840 -0.110110 5.213350
-6.189950 2.264380 4.811220
-6.525060 4.131420 4.217590
-6.122930 3.959080 4.456960
-5.644200 1.977150 4.849520
-6.400590 1.316500 4.131420
-7.827200 2.877160 3.068650
-8.296360 4.418660 2.771840
-7.568690 4.792070 3.394180
-6.706980 4.351640 4.160150
-7.645290 3.671840 4.265470
-8.803810 3.872910 3.662270
-8.650620 4.830370 3.317590
-7.760180 6.065480 3.719720
-7.482520 6.783580 4.428230
-8.229340 6.812300 4.102700
-8.937850 6.572940 3.059070
-8.928280 6.400590 2.494170
-8.372950 6.429320 2.647370
-7.970820 6.008040 3.173970
-7.980400 5.720800 3.681420
-8.277210 6.285700 3.796310
-8.162310 7.099540 3.882480
-7.492090 5.816550 3.250560
