-7.932520 2.915450 2.848430
-7.932520 3.193120 2.877160
-7.894220 3.336730 2.810130
-8.124010 3.317590 2.628220
-8.439980 3.279290 2.465450
-8.526150 3.298440 2.379280
-8.679340 3.145240 2.293110
-9.253810 3.106940 2.187790
-10.010200 3.346310 2.072890
-10.278290 3.681420 1.929270
-9.971900 3.920780 1.795230
-9.665520 3.834610 1.871830
-9.675090 3.633550 1.823950
-9.914460 3.470780 1.479270
-9.952760 3.394180 1.316500
-9.809140 3.489930 1.163310
-9.742120 3.470780 1.230330
-9.560200 3.461200 1.804800
-9.502750 3.566520 2.082470
-9.713390 3.748440 1.852680
-9.809140 3.556950 1.469690
-9.474030 3.087800 1.115440
-9.301690 2.484600 1.077140
-9.502750 1.776080 1.393100
-9.569770 1.450550 1.795230
-9.138920 1.622890 2.149490
-8.459130 2.063320 2.436730
-7.942100 2.254810 2.494170
-7.664440 2.159060 2.408000
-7.616560 1.890980 2.264380
-7.425070 1.507990 2.340980
-6.706980 1.440970 2.676090
-6.170800 1.613310 3.030350
-5.950590 1.498420 3.547370
-5.625050 1.335650 4.045250
-5.021860 1.335650 4.227170
-4.466530 1.134590 4.610150
-4.476110 0.990970 4.830370
-4.964410 1.153730 4.772920
-4.696320 1.029270 5.213350
-3.758010 0.914370 5.921870
-3.298440 0.770750 6.256970
-3.260140 0.617560 6.199530
-3.126090 0.703730 5.873990
-2.972900 0.033510 5.749520
-2.360130 -0.540960 6.113360
-1.488840 -0.205850 6.266550
-0.847350 0.081380 6.237830
-0.292020 -0.387770 6.649530
0.512240 -0.742030 7.405920
0.837770 -0.569690 7.674010
0.225000 -0.933520 7.846350
-0.540960 -1.230330 8.612320
0.043090 -1.000540 9.847440
0.426070 -0.493090 10.594250
-0.349470 0.043090 10.891060
-0.416490 0.033510 11.417660
0.033510 0.282450 11.647450
0.100530 0.713300 11.503840
-0.464370 0.339900 11.321920
-0.454790 -0.684580 11.245320
-0.043090 -1.479270 11.082550
0.196280 -1.249480 11.101700
-0.378200 -1.163310 11.025110
-0.675010 -1.804800 10.919790
-0.177130 -2.025020 10.843190
0.129260 -1.527140 10.891060
0.359050 -0.703730 11.388940
0.225000 -0.349470 11.025110
-0.014360 -1.345230 10.584680
0.081380 -2.522900 10.153820
0.225000 -3.011200 10.393190
0.684580 -2.647370 10.824040
0.713300 -2.072890 10.297440
-0.234580 -2.293110 9.474030
-1.096290 -3.173970 9.186790
-1.019690 -3.959080 9.110190
-0.493090 -3.863340 9.272960
-0.665430 -2.867580 9.100620
-1.555870 -2.092040 8.449550
-2.475020 -1.488840 7.386770
-3.106940 -0.617560 6.850600
-3.422910 0.397340 6.716550
-4.198450 0.923950 6.496340
-4.792070 0.292020 6.237830
-4.504830 0.129260 5.931440
-4.380360 0.780330 5.538880
-4.954840 1.249480 5.203770
-5.443140 1.450550 4.820790
-5.491010 1.852680 4.437810
-5.356970 2.609070 4.303770
-5.644200 2.848430 3.882480
-6.582510 2.532470 3.202690
-7.109110 2.120770 2.992050
-7.109110 2.446300 2.867580
-6.860170 2.848430 2.838860
-6.726130 2.992050 2.704810
-7.099540 3.078220 2.350550
-7.530390 3.240990 1.890980
-7.568690 3.442050 1.756930
-7.482520 3.518650 1.527140
-7.377200 3.145240 1.278200
-7.492090 2.934600 1.230330
-7.760180 3.116520 1.000540
-8.238910 3.288860 0.799480
