-7.262300 3.777160 4.437810
-7.348470 3.700570 4.418660
-7.233580 3.738870 4.294190
-7.185710 3.872910 4.169720
-7.377200 3.892060 4.102700
-7.520820 3.844190 4.102700
-7.597410 4.026100 3.997380
-7.635710 4.141000 3.805890
-7.597410 4.150570 3.595250
-7.865500 4.246320 3.480350
-8.181460 4.533550 3.643120
-8.392100 4.897390 3.949510
-8.526150 4.935690 4.045250
-8.822960 4.772920 4.141000
-9.531480 5.519730 4.073980
-10.096370 6.199530 3.901630
-9.885730 6.601660 3.786740
-9.608070 6.525060 3.748440
-9.962330 5.950590 3.844190
-10.383610 5.778250 4.131420
-10.249570 6.276120 4.523980
-9.933610 6.678260 4.485680
-9.646370 6.860170 4.045250
-9.895310 6.783580 3.537800
-10.402760 6.084630 3.346310
-10.871910 5.021860 3.308010
-10.881490 4.533550 2.656940
-9.857010 5.242070 2.120770
-8.928280 6.228250 2.044170
-8.516570 6.199530 2.245230
-8.066570 4.849520 2.245230
-7.501670 3.729290 1.938850
-6.927190 2.925030 1.919700
-6.477190 2.475020 2.082470
-5.797400 2.503750 2.551620
-4.811220 2.130340 2.925030
-4.045250 1.584590 2.858010
-3.729290 1.010120 2.915450
-3.576100 1.498420 3.183540
-3.403760 2.092040 3.997380
-2.848430 1.699480 4.849520
-2.494170 0.789900 4.667600
-2.484600 0.119680 4.016530
-1.622890 -0.023940 4.121850
-0.569690 -0.387770 5.088880
-0.617560 -0.473940 5.806970
-2.005870 0.483520 5.864420
-3.556950 1.010120 5.203770
-3.336730 -0.378200 5.270800
-2.312260 -1.804800 6.008040
-2.570770 -1.804800 6.304850
-3.317590 -2.187790 6.936770
-3.375030 -1.833530 7.654860
-3.681420 -0.339900 7.741030
-4.313340 -0.301600 7.779330
-4.399510 -1.373950 7.769760
-3.815460 -1.795230 7.654860
-3.528230 -1.747360 7.444220
-3.623970 -1.967570 7.281450
-3.815460 -2.005870 7.224010
-3.240990 -1.843100 7.626140
-2.532470 -1.345230 7.855930
-2.848430 -0.962240 7.434650
-4.227170 -1.479270 6.697400
-4.227170 -2.494170 6.362300
-2.848430 -2.781410 6.448470
-1.402670 -1.977150 6.821870
-1.565440 -0.904800 5.988890
-4.380360 -0.684580 4.725050
-5.931440 -0.876070 4.437810
-4.734620 -0.751600 5.184620
-2.934600 0.119680 5.931440
-2.877160 0.952670 5.759100
-4.935690 1.335650 5.012280
-7.032510 1.584590 4.265470
-6.975070 1.823950 3.633550
-5.136750 1.651610 3.614400
-4.275040 1.479270 3.786740
-5.108030 2.427150 3.614400
-6.563360 3.872910 3.355880
-7.252730 4.705900 2.925030
-6.477190 4.954840 2.695240
-6.113360 5.021860 2.867580
-7.070810 5.079300 2.360130
-7.932520 4.859090 2.053740
-7.530390 4.437810 2.139910
-6.831450 4.045250 2.580340
-7.453800 4.246320 2.733540
-8.401680 5.079300 2.139910
-8.727210 5.184620 1.699480
-8.181460 4.581430 2.015450
-7.980400 4.332490 2.656940
-8.861260 5.069730 2.599490
-9.627220 6.314420 1.651610
-9.636790 7.358050 0.895220
-8.870830 7.635710 1.661190
-8.439980 7.338900 3.260140
-9.215510 7.616560 2.953750
-10.211270 7.769760 2.005870
-9.761260 7.463370 2.446300
-9.004870 6.984640 3.939930
-8.746360 6.582510 4.504830
-9.091040 6.458040 3.978230
-9.138920 6.381440 3.729290
-8.574020 6.103780 3.317590
