-7.444220 3.633550 2.992050
-7.415500 3.738870 2.992050
-7.396350 3.662270 3.001620
-7.348470 3.518650 3.049500
-7.358050 3.489930 2.963330
-7.472940 3.566520 2.867580
-7.501670 3.576100 2.953750
-7.425070 3.547370 3.164390
-7.415500 3.595250 3.231410
-7.472940 3.595250 3.202690
-7.511240 3.537800 3.145240
-7.434650 3.432480 3.145240
-7.377200 3.451630 3.231410
-7.377200 3.614400 3.269710
-7.463370 3.719720 3.154820
-7.568690 3.662270 3.011200
-7.664440 3.585670 2.886730
-7.808050 3.537800 2.829280
-7.855930 3.499500 2.838860
-7.903800 3.643120 2.819710
-8.248480 3.997380 2.676090
-9.014450 4.275040 2.475020
-9.847440 4.792070 2.245230
-10.402760 5.433560 1.948420
-10.690000 5.242070 1.680340
-10.843190 4.868660 1.316500
-11.015530 5.682500 0.426070
-11.111280 7.989970 -0.990970
-11.015530 10.690000 -2.092040
-11.637880 11.685750 -1.670760
-11.609150 8.660190 -0.751600
-10.536800 4.906960 -0.550540
-9.847440 4.045250 -0.943090
-9.512330 5.098450 -0.943090
-9.397430 5.395260 -0.761180
-9.100620 4.629300 -0.962240
-8.181460 3.422910 -1.077140
-6.946340 2.312260 -0.885650
-5.902720 1.948420 -0.914370
-4.926110 2.312260 -0.703730
-3.997380 2.120770 0.569690
-3.154820 0.914370 1.632460
-2.053740 -0.320750 2.369700
-1.125010 -1.048410 3.394180
-0.617560 -1.144160 4.093120
-0.052660 -0.933520 4.217590
0.454790 -1.862250 4.504830
1.910120 -3.604820 5.615480
3.882480 -4.734620 6.936770
4.878240 -4.725050 8.286780
5.385690 -3.633550 10.479360
5.625050 -1.498420 12.557040
5.184620 -0.560110 13.610240
4.045250 -1.019690 13.744280
3.719720 -2.599490 13.658110
3.690990 -3.825040 14.328330
3.221840 -4.160150 15.065570
2.350550 -4.677170 14.615570
1.938850 -5.117600 13.648540
1.584590 -4.658020 12.959170
1.134590 -3.892060 13.007040
0.923950 -3.001620 12.978320
0.943090 -2.130340 12.490010
0.923950 -2.293110 11.570860
0.215430 -3.173970 10.307010
-0.684580 -3.844190 9.158070
-1.115440 -3.643120 8.133590
-1.105860 -2.944180 7.377200
-1.622890 -2.044170 6.199530
-2.953750 -1.077140 5.309090
-4.409090 -0.426070 4.868660
-4.830370 -0.617560 4.303770
-4.131420 -0.856920 4.016530
-4.073980 -0.244150 3.758010
-5.146330 0.426070 2.915450
-5.998460 0.531390 2.350550
-6.199530 1.192030 1.718630
-5.969740 1.709060 1.766510
-6.036760 2.044170 1.632460
-5.998460 1.958000 1.259050
-5.826120 2.187790 0.895220
-5.960160 2.360130 0.636710
-6.572940 2.159060 0.234580
-7.654860 1.977150 -0.464370
-8.593170 2.111190 -0.694160
-8.392100 2.972900 -1.096290
-8.191040 4.255890 -1.239910
-8.420830 4.906960 -1.230330
-8.928280 4.638870 -1.651610
-9.397430 3.987800 -1.977150
-9.521900 3.930360 -1.622890
-9.397430 4.782490 -1.871830
-9.866590 6.343150 -2.580340
-10.115520 7.348470 -2.877160
-9.924030 7.702730 -2.858010
-9.636790 8.085720 -2.886730
-9.359130 8.516570 -2.925030
-9.349560 8.497420 -1.814380
-9.177220 7.578260 -0.167550
-8.851680 6.582510 0.713300
-8.746360 5.634630 1.115440
-8.612320 4.964410 1.163310
-8.478270 4.476110 1.345230
-8.248480 3.997380 1.642040
-8.037840 3.815460 1.843100
