-7.597410 3.394180 3.327160
-7.683580 3.604820 3.317590
-7.731460 3.652690 3.231410
-7.587840 3.585670 3.279290
-7.415500 3.614400 3.269710
-7.367620 3.825040 3.145240
-7.405920 4.045250 3.030350
-7.444220 4.102700 2.915450
-7.549540 4.006950 2.762260
-7.693160 4.016530 2.800560
-7.855930 4.380360 2.944180
-8.171890 4.811220 2.858010
-8.305930 4.945260 2.771840
-8.487850 5.088880 2.676090
-8.947430 5.232500 2.542050
-9.148490 5.203770 2.446300
-8.957000 5.184620 2.340980
-8.861260 5.155900 2.178210
-9.119770 5.031430 1.996300
-9.550620 4.753770 1.871830
-9.694240 4.514410 1.871830
-9.541050 4.418660 2.034590
-9.253810 4.265470 2.321830
-9.071900 4.035680 2.561200
-9.100620 3.920780 2.599490
-9.244240 3.844190 2.331410
-9.119770 3.279290 2.369700
-8.669760 2.829280 2.206940
-8.478270 2.743110 1.881400
-8.200610 2.599490 2.072890
-7.587840 2.446300 2.235660
-7.089960 2.197360 2.149490
-6.735700 1.977150 2.120770
-6.419740 1.795230 2.465450
-5.902720 1.565440 3.154820
-5.289940 1.393100 3.796310
-4.887810 1.316500 4.131420
-4.485680 0.952670 4.485680
-4.275040 0.225000 4.725050
-4.418660 -0.282450 5.309090
-4.054830 -0.416490 6.218680
-2.752690 -0.416490 6.994220
-1.517570 -1.057990 7.338900
-0.655860 -2.216510 7.358050
0.071810 -3.365460 7.022940
1.373950 -4.141000 6.716550
2.388850 -4.073980 7.329330
2.063320 -2.656940 8.392100
1.948420 -1.431400 9.521900
3.183540 -1.134590 10.019780
3.298440 -1.067560 9.502750
2.733540 -1.383520 9.234660
2.360130 -1.335650 9.043170
2.130340 -1.316500 9.062320
2.015450 -1.479270 9.799560
1.766510 -1.967570 10.948510
1.795230 -1.335650 11.120850
1.910120 0.215430 10.967660
1.450550 0.081380 11.101700
1.038840 -2.561200 11.111280
1.622890 -4.638870 11.216600
2.369700 -4.332490 11.771920
2.953750 -2.570770 12.470860
3.087800 -1.057990 12.174050
2.159060 -1.948420 10.603830
1.306930 -5.433560 9.703820
2.072890 -7.252730 9.655940
3.039920 -5.921870 9.703820
2.925030 -4.045250 9.780410
1.766510 -2.972900 9.751690
-0.138830 -2.781410 9.426150
-1.211180 -4.064400 8.832530
-0.895220 -5.328240 8.181460
-1.134590 -4.667600 7.606990
-2.216510 -2.762260 6.821870
-3.279290 -1.259050 5.768670
-4.389940 -0.646280 5.184620
-5.366540 -0.588840 4.935690
-5.835700 -0.435640 4.485680
-5.596330 0.167550 4.208020
-5.558030 0.981390 4.073980
-6.276120 1.469690 3.700570
-7.329330 1.910120 3.059070
-7.903800 2.436730 2.542050
-7.731460 2.532470 2.360130
-7.597410 2.494170 2.197360
-7.970820 2.408000 1.948420
-8.219760 2.733540 1.632460
-8.056990 2.618640 1.278200
-7.980400 2.350550 0.981390
-8.382530 2.752690 0.665430
-8.909130 3.576100 0.387770
-8.937850 4.083550 0.368620
-8.621890 4.332490 0.349470
-8.669760 4.571850 0.014360
-8.851680 5.088880 -0.205850
-8.727210 5.605900 -0.311170
-8.688910 6.055910 -0.531390
-8.803810 6.687830 -0.876070
-8.708060 7.329330 -1.125010
-8.382530 7.587840 -0.761180
-8.277210 7.530390 -0.186700
-8.392100 7.559120 0.052660
-8.621890 7.233580 -0.052660
-8.296360 6.362300 0.359050
