-7.539970 3.595250 2.398430
-7.654860 3.758010 2.503750
-7.635710 3.796310 2.733540
-7.606990 3.997380 2.752690
-7.674010 4.217590 2.656940
-7.760180 4.121850 2.522900
-7.827200 3.777160 2.427150
-7.970820 3.633550 2.388850
-8.181460 3.892060 2.503750
-8.411250 4.112270 2.398430
-8.593170 4.284620 2.369700
-8.727210 4.523980 1.996300
-8.928280 4.782490 1.469690
-9.138920 4.926110 1.575020
-9.148490 4.926110 1.670760
-8.899550 4.725050 1.728210
-8.803810 4.753770 1.689910
-8.708060 5.117600 1.278200
-8.449550 5.730370 1.220760
-8.344230 5.730370 1.565440
-8.392100 5.050580 1.670760
-8.353800 4.361210 1.603740
-8.526150 4.361210 1.613310
-8.937850 4.763340 2.130340
-9.445300 4.753770 2.542050
-9.474030 4.562280 2.379280
-9.014450 4.849520 2.197360
-8.803810 4.772920 2.398430
-9.081470 4.284620 2.494170
-8.976150 3.537800 2.398430
-8.334650 3.116520 2.293110
-7.741030 3.087800 2.139910
-7.377200 3.145240 2.666510
-7.080390 3.327160 2.925030
-6.726130 3.614400 2.685660
-6.218680 3.164390 3.336730
-5.739950 1.986720 3.968660
-5.337820 1.517570 3.815460
-4.782490 1.709060 3.489930
-4.054830 1.565440 3.375030
-3.489930 1.259050 3.355880
-3.576100 1.201610 3.126090
-3.604820 1.460120 3.298440
-3.221840 1.412250 4.255890
-2.752690 0.473940 5.979310
-2.723960 -0.607980 6.601660
-2.149490 -1.163310 7.185710
-0.828200 -0.684580 8.315510
-0.397340 0.416490 9.292110
-0.742030 0.387770 9.512330
-0.100530 -1.077140 9.780410
1.450550 -2.235660 10.268720
2.800560 -2.446300 11.484690
1.910120 -2.494170 11.293190
0.521810 -3.480350 10.517650
0.186700 -3.432480 10.019780
0.000000 -3.020770 9.292110
-0.215430 -3.365460 9.071900
-0.607980 -3.825040 9.627220
-0.847350 -3.528230 9.971900
-0.665430 -2.695240 10.259140
-0.789900 -1.862250 10.287870
-1.239910 -1.929270 10.182540
-1.125010 -2.915450 9.866590
-0.703730 -3.269710 9.818710
-0.426070 -3.011200 10.163400
-0.512240 -2.896300 10.153820
-1.019690 -3.001620 9.521900
-1.536720 -3.116520 8.688910
-1.737780 -3.260140 8.822960
-1.211180 -3.556950 9.359130
-1.096290 -3.250560 9.138920
-2.034590 -2.656940 8.430400
-3.288860 -2.618640 7.674010
-3.786740 -2.925030 7.377200
-3.355880 -2.896300 7.291030
-2.972900 -2.465450 7.348470
-3.748440 -2.111190 6.888900
-4.782490 -1.929270 6.400590
-4.811220 -1.373950 5.988890
-4.447380 -0.387770 5.586760
-4.466530 0.033510 5.002710
-5.127180 -0.272870 4.725050
-5.931440 -0.368620 4.581430
-6.161230 -0.320750 5.069730
-5.826120 -0.071810 5.146330
-5.902720 0.780330 4.772920
-6.630380 1.297350 4.169720
-7.597410 1.527140 3.700570
-7.731460 1.709060 3.422910
-7.329330 1.795230 3.154820
-6.917620 1.929270 3.030350
-7.559120 2.465450 2.762260
-8.296360 2.781410 2.120770
-8.258060 2.522900 1.584590
-7.645290 2.388850 1.460120
-7.224010 1.986720 1.536720
-7.721880 1.986720 1.843100
-8.641040 3.011200 1.421820
-8.708060 3.729290 1.201610
-7.913370 3.068650 1.488840
-7.827200 2.475020 1.354800
-8.794230 2.819710 0.780330
-9.588920 3.403760 0.751600
-9.416580 3.547370 0.722880
